       0.0       0.0       0.0       0.0       0.0       0.0       0.0       0.0       0.0       0.0       0.0       0.0
       0.0       0.0       0.0       0.0       0.0       0.0       0.0       0.0       0.0       0.0       0.0       0.0
       0.0       0.0       0.0       0.0       0.0       0.0       0.0       0.0       0.0       0.0       0.0       0.0
       0.0       0.0       0.0       0.0       0.0       0.0       0.0       0.0       0.0       0.0       0.0       0.0
       0.0       0.0       0.0       0.0       0.0       0.0       0.0       0.0       0.0       0.0       0.0       0.0
       0.0       0.0       0.0       0.0       0.0       0.0       0.0       0.0       0.0       0.0       0.0       0.0
       0.0       0.0       0.0       0.0       0.0       0.0       0.0       0.0       0.0       0.0       0.0       0.0
       0.0       0.0       0.0       0.0       0.0       0.0       0.0       0.0       0.0       0.0       0.0       0.0
       0.0       0.0       0.0       0.0       0.0       0.0       0.0       0.0       0.0       0.0       0.0       0.0
       0.0       0.0       0.0       0.0       0.0       0.0       0.0       0.0       0.0       0.0       0.0       0.0
       0.0       0.0       0.0       0.0       0.0       0.0       0.0       0.0       0.0       0.0       0.0       0.0
       0.0       0.0       0.0       0.0       0.0       0.0       0.0       0.0       0.0       0.0       0.0       0.0
       0.0       0.0       0.0       0.0       0.0       0.0       0.0       0.0       0.0       0.0       0.0       0.0
       0.0       0.0       0.0       0.0       0.0       0.0       0.0       0.0       0.0       0.0       0.0       0.0
       0.0       0.0       0.0       0.0       0.0       0.0       0.0       0.0       0.0       0.0       0.0       0.0
       0.0       0.2       0.0       0.0       0.2       2.2       3.2       0.1       0.1       0.0       0.0       0.0
       0.0       7.5       0.2       0.7       0.5       1.0       1.8       0.5       0.0       0.0       0.0       0.0
       0.0       5.5       0.4       0.2       0.4       0.3     129.5      30.3       1.8       0.5       0.2       0.0
       0.0       0.4       3.5       1.0       0.9       0.5     114.6      26.2       2.2       1.5       0.5       0.0
       0.0     853.9     968.8     197.7     144.9       0.9      71.5      80.1       5.6       0.9       2.7       0.0
       0.0    4707.7    1384.4     458.1     232.8     154.8     141.3      10.6       2.2       0.1       2.6       0.0
       0.0      16.8      50.3     602.1     457.6     437.7     180.3       0.6       0.2       0.0       0.0       0.0
       0.0       6.7     526.1     358.8     173.0     219.6     153.7       0.6       0.0       0.0       0.0       0.0
       0.0      75.8      85.5      78.4     196.2     273.6     733.2      39.3       0.1       0.0       0.0       0.0
       0.0       3.3       4.0      75.8     200.2     596.4     913.9     304.8       7.2       0.1       0.0       0.0
       0.0       4.1      64.3     152.7     119.8     137.9      89.2      79.1       5.4       0.3       0.1       0.0
       0.0       0.4      17.5       8.5       0.2       0.2       1.9       2.3       1.2       0.0       0.2       0.0
       0.0       0.0       0.0       0.0       0.0       0.0       0.0       0.0       0.0       0.0       0.0       0.0
       0.0       0.0       0.0       0.0       0.0       0.0       0.0       0.0       0.0       0.0       0.0       0.0
       0.0       0.9       0.0       0.0       1.0       6.4       8.5       0.2       0.1       0.0       0.0       0.0
       0.0      19.1       0.8       2.2       3.1       4.1       5.5       1.5       0.1       0.0       0.0       0.0
       0.0      17.1       1.6       0.2       1.6       6.5     231.8      63.8       4.2       2.6       0.6       0.0
       0.0       1.7      16.7      22.0      18.2       2.3     176.3      66.5       8.2       5.4       1.9       0.0
       0.0    2378.1    1819.2     788.0     346.3      43.5     204.0     131.4      30.8       2.9       6.6       0.0
       0.0   10078.8    5669.3    1480.3     704.2     569.8     379.4      33.0      10.9       0.4       6.9       0.0
       0.0     299.8     196.1    1627.0    1501.5    1172.8     504.0       3.2       0.6       0.0       0.0       0.0
       0.0      79.4     936.9    1328.2     950.1    1308.4     553.3       5.0       0.1       0.0       0.0       0.0
       0.0     109.5      61.2     373.8     691.8    1290.1    2509.9     569.6       1.8       0.2       0.0       0.0
       0.0      12.4      21.1     339.8    1053.2    1792.5    2306.3    1521.3      77.6       0.2       0.0       0.0
       0.0       9.3     156.2     302.6     402.9     496.7     410.7     252.7      37.9       3.4       0.7       0.0
       0.0       1.1      20.7      14.0       1.1       0.9      11.9      11.2       3.6       0.6       0.5       0.0
       0.0       0.0       0.0       0.0       0.0       0.0       0.0       0.0       0.0       0.0       0.0       0.0
       0.0       0.0       0.0       0.0       0.0       0.0       0.0       0.0       0.0       0.0       0.0       0.0
       0.0       1.2       0.1       0.1       2.1       9.8      11.5       0.3       0.1       0.0       0.0       0.0
       0.0      29.9       1.5       3.5       7.7      12.1      13.9       1.2       0.1       0.0       0.1       0.0
       0.0      39.1       3.8       0.6       3.8      10.1      59.7      21.2      10.6       4.8       0.7       0.0
       0.0      12.0      43.1      48.2      27.6       7.0     126.2      74.7      28.3      10.0       3.0       0.0
       0.0    2757.3    3663.8    1918.1     512.8     242.8     306.5     169.0      44.3       8.7      12.7       0.0
       0.0   12703.4   13303.2    4784.0    1361.8     920.7     925.0      89.5      17.7       4.5      14.1       0.0
       0.0    1267.4    4141.0    3617.3    1821.0    2229.2     662.6       4.3       0.6       0.0       0.0       0.0
       0.0     281.5    1134.8    1723.4    1718.1    2156.8    1034.1      10.4       0.1       0.0       0.0       0.0
       0.0     194.9     478.1     546.4     670.7    2444.3    2691.1     795.8      10.6       0.0       0.0       0.0
       0.0      69.5     134.6     463.9    1856.1    2068.4    2740.3    1409.8      99.8       0.2       0.0       0.0
       0.0      15.8     200.8     311.6     545.1     739.6     527.6     315.4      37.0      11.0       0.9       0.0
       0.0       1.5      10.9       5.9       3.3       4.4      27.9      27.2       5.7       0.8       0.6       0.0
       0.0       0.0       0.0       0.0       0.0       0.0       0.0       0.0       0.0       0.0       0.0       0.0
       0.0       0.0       0.0       0.0       0.0       0.0       0.0       0.0       0.0       0.0       0.0       0.0
       0.0       1.0       0.0       0.1       1.5       7.8       9.8       0.2       0.0       0.0       0.0       0.0
       0.0      34.3       2.1       3.5      10.0      19.3      29.4       0.9       0.2       0.1       0.3       0.0
       0.0      75.7       4.5       1.8       7.0      12.5      29.7      12.2      11.2       3.9       0.5       0.0
       0.0      23.4      57.8      13.6      30.2       8.0      48.4      41.1      38.1      12.0       2.7       0.0
       0.0     910.1    2342.8    1638.9     276.6     120.2     265.9     101.8      46.7      24.5      16.7       0.0
       0.0    8601.6   12391.8    3980.2     568.7     664.6     374.6      68.5      19.3      16.9      22.1       0.0
       0.0    2117.1    3920.1    2866.1    1156.7     979.5     307.7       2.7       1.4       0.0       0.0       0.0
       0.0     755.9     778.9     895.7     861.5    1535.0     614.6       8.5       0.0       0.0       0.0       0.0
       0.0     122.4     254.0     252.7     405.6     893.8    1604.7     453.6       0.1       0.0       0.0       0.0
       0.0      36.9     141.9     449.6     602.7    1290.3     987.0     654.1      29.3       0.8       0.0       0.0
       0.0       8.5      74.3     134.6     235.2     216.3     223.7     131.6      16.2      12.9       0.8       0.0
       0.0       1.2       0.1       1.8       4.7       1.0      25.3      13.8       3.0       0.8       0.6       0.0
       0.0       0.0       0.0       0.0       0.0       0.0       0.0       0.0       0.0       0.0       0.0       0.0
       0.0       0.0       0.0       0.0       0.0       0.0       0.0       0.0       0.0       0.0       0.0       0.0
       0.0       0.7       0.0       0.0       0.6       3.0       4.6       0.0       0.0       0.0       0.0       0.0
       0.0      19.8       2.8       2.1       9.9      28.4      43.7       1.2       0.2       0.2       0.2       0.0
       0.0     164.8      48.0       4.9      12.7       7.5      13.9       3.5       4.4       1.8       0.5       0.0
       0.0     113.1     112.8      16.7      38.1      44.7      84.2      52.2      33.4       9.6       1.3       0.0
       0.0      30.6    1231.1     450.4     250.9     276.6     210.5      79.0      85.4      42.0      14.4       0.0
       0.0    5693.7    9237.2    1581.8     592.9     626.8     629.3      91.3      50.3      41.3      20.8       0.0
       0.0    3023.1    5057.9    1067.3     870.6    1330.3     399.4      17.4       3.0       0.2       0.1       0.0
       0.0     315.6    1028.3     598.2    1162.4    1391.7     788.7      30.5       0.0       0.0       0.0       0.0
       0.0       0.4     295.0     573.7     508.8    1616.5    1180.6      96.7       0.0       0.0       0.0       0.0
       0.0       5.0      73.0     259.9     770.8     926.0     802.9     237.0       5.0       2.1       0.0       0.0
       0.0       3.7      38.3      51.8     154.9     305.4     232.3      66.8      13.6      10.5       0.2       0.0
       0.0       0.9       0.5       0.6       2.7       9.9      20.6      12.2       2.4       0.7       0.7       0.0
       0.0       0.0       0.0       0.0       0.0       0.0       0.0       0.0       0.0       0.0       0.0       0.0
       0.0       0.0       0.0       0.0       0.0       0.0       0.0       0.0       0.0       0.0       0.0       0.0
       0.0       0.2       0.0       0.0       0.2       0.5       1.7       0.0       0.0       0.0       0.0       0.0
       0.0       7.3       2.8       0.3       5.6      16.5      37.1       1.4       0.1       0.1       0.0       0.0
       0.0      22.4      13.6       3.5      14.8       9.7      43.4       1.7       0.1       1.5       0.3       0.0
       0.0       6.5      15.3       7.2       4.8      16.4      55.0      24.6       5.0       0.6       0.8       0.0
       0.0       1.0      12.9      36.4      50.2      73.3      54.2      16.4      28.6      15.5      10.4       0.0
       0.0      12.1     104.9     279.1     209.0     133.5     137.9      50.0      45.5      34.9       9.8       0.0
       0.0     527.1      85.8     179.8     262.9     195.3     134.4      34.4       2.4       2.4       0.4       0.0
       0.0       0.0     114.1     165.2     279.1     364.1     164.0      29.9       0.4       0.0       0.0       0.0
       0.0       0.5       3.7     151.0     229.9     456.9     215.6      10.6       1.3       0.0       0.0       0.0
       0.0       2.1       4.0      44.9     316.0     676.7     320.8      15.3      12.1       2.3       0.0       0.0
       0.0       1.7       2.4      47.6      64.8     147.5      94.7       9.7       5.5       3.1       0.0       0.0
       0.0       0.2       0.0       0.0       0.2       8.3       8.5       1.9       1.1       1.4       0.5       0.0
       0.0       0.0       0.0       0.0       0.0       0.0       0.0       0.0       0.0       0.0       0.0       0.0
       0.0       0.0       0.0       0.0       0.0       0.0       0.0       0.0       0.0       0.0       0.0       0.0
       0.0       0.0       0.0       0.0       0.0       0.1       0.4       0.0       0.0       0.0       0.0       0.0
       0.0       4.0       3.5       0.3       1.2       8.0      11.4       1.3       0.0       0.0       0.0       0.0
       0.0      19.8      20.9      16.6      20.5      51.3      73.4       8.3       0.9       1.7       0.0       0.0
       0.0       8.3      15.8      26.1      46.4      69.2      60.6      18.0      21.5       4.7       0.5       0.0
       0.0       0.4       7.4      37.5      65.7      69.6      45.1      25.7      38.0      34.5       4.6       0.0
       0.0       1.7      10.4      52.9     114.4     113.4      42.4      32.3      37.8      17.8       1.4       0.0
       0.0       4.7      93.5     153.6      77.4     178.2      45.6      47.1      30.2       9.6       0.2       0.0
       0.0       4.4      32.7     120.1      60.6     144.1      52.8      30.1       7.9       0.2       0.0       0.0
       0.0       1.8      10.3      27.4      26.8      52.9      16.3       6.4       0.1       0.0       0.0       0.0
       0.0      13.2       8.8      67.9     128.6      24.6       1.1       9.8       6.8       0.3       0.0       0.0
       0.0       2.3       3.1      23.4      23.0       0.3       0.8       3.5       3.9       1.0       0.0       0.0
       0.0       0.0       0.0       0.0       0.0       0.0       0.0       4.3       2.9       2.9       0.1       0.0
       0.0       0.0       0.0       0.0       0.0       0.0       0.0       0.0       0.0       0.0       0.0       0.0
       0.0       0.0       0.0       0.0       0.0       0.0       0.0       0.0       0.0       0.0       0.0       0.0
       0.0       0.0       0.0       0.0       0.0       0.0       0.0       0.0       0.0       0.0       0.0       0.0
       0.0       0.0       0.0       0.0       0.0       0.0       0.0       0.0       0.0       0.0       0.0       0.0
       0.0       3.3       3.4       1.8       0.0       0.9       0.0       0.0       0.0       0.0       0.0       0.0
       0.0       5.9       7.1       9.5       4.8       1.7       0.0       0.1       0.3       0.0       0.0       0.0
       0.0       3.3       3.1       4.6       4.6       0.3       2.5       0.3       0.9       0.3       0.0       0.0
       0.0       0.7       0.2       4.8       3.2       1.9       8.8       1.5       0.0       0.0       0.0       0.0
       0.0       0.0       0.4       8.8       9.3      23.1       8.9       1.6       0.8       0.1       0.0       0.0
       0.0       0.0       1.8       4.1       3.1       2.0       1.0       0.9       0.0       0.0       0.0       0.0
       0.0       0.0       2.2       3.0       0.3       0.0       0.0       1.0       0.0       0.0       0.0       0.0
       0.0       1.4       0.1       0.8       0.0       0.0       0.0       0.2       0.0       0.0       0.0       0.0
       0.0       0.0       0.0       0.0       0.0       0.0       0.2       1.1       0.5       0.0       0.0       0.0
       0.0       0.0       0.0       0.0       0.0       0.0       0.0       3.6       0.7       0.0       0.0       0.0
       0.0       0.0       0.0       0.0       0.0       0.0       0.0       0.0       0.0       0.0       0.0       0.0
       0.0       0.0       0.0       0.0       0.0       0.0       0.0       0.0       0.0       0.0       0.0       0.0
       0.0       0.0       0.0       0.0       0.0       0.0       0.0       0.0       0.0       0.0       0.0       0.0
       0.0       0.0       0.0       0.0       0.0       0.0       0.0       0.0       0.0       0.0       0.0       0.0
       0.0       0.3       0.0       0.0       0.0       0.0       0.0       0.0       0.0       0.0       0.0       0.0
       0.0       2.0       1.6       0.0       0.0       0.0       0.0       0.0       0.0       0.0       0.0       0.0
       0.0       1.9       3.8       2.7       0.0       0.0       0.0       0.0       0.0       0.0       0.0       0.0
       0.0       3.4       0.9       4.2       2.2       0.0       0.0       0.0       0.0       0.0       0.0       0.0
       0.0       2.0       2.5       0.1       1.5       0.2       0.0       0.0       0.0       0.0       0.0       0.0
       0.0       0.2       3.0       0.2       0.0       0.0       0.0       0.0       0.0       0.0       0.0       0.0
       0.0       0.0       0.6       0.2       0.0       0.0       0.0       0.0       0.0       0.0       0.0       0.0
       0.0       0.0       0.0       0.0       0.0       0.0       0.0       0.0       0.0       0.0       0.0       0.0
       0.0       0.0       0.0       0.0       0.0       0.0       0.0       0.0       0.0       0.0       0.0       0.0
       0.0       0.0       0.0       0.0       0.0       0.0       0.0       0.0       0.0       0.0       0.0       0.0
       0.0       0.0       0.0       0.0       0.0       0.0       0.0       0.0       0.0       0.0       0.0       0.0
       0.0       0.0       0.0       0.0       0.0       0.0       0.0       0.0       0.0       0.0       0.0       0.0
       0.0       0.0       0.0       0.0       0.0       0.0       0.0       0.0       0.0       0.0       0.0       0.0
       0.0       0.0       0.0       0.0       0.0       0.0       0.0       0.0       0.0       0.0       0.0       0.0
       0.0       0.0       0.0       0.0       0.0       0.0       0.0       0.0       0.0       0.0       0.0       0.0
       0.0       0.0       0.0       0.0       0.0       0.0       0.0       0.0       0.0       0.0       0.0       0.0
       0.0       0.0       0.0       0.0       0.0       0.0       0.0       0.0       0.0       0.0       0.0       0.0
       0.0       0.0       0.0       0.0       0.0       0.0       0.0       0.0       0.0       0.0       0.0       0.0
       0.0       0.0       0.0       0.0       0.0       0.0       0.0       0.0       0.0       0.0       0.0       0.0
       0.0       0.0       0.0       0.0       0.0       0.0       0.0       0.0       0.0       0.0       0.0       0.0
       0.0       0.0       0.0       0.0       0.0       0.0       0.0       0.0       0.0       0.0       0.0       0.0
       0.0       0.0       0.0       0.0       0.0       0.0       0.0       0.0       0.0       0.0       0.0       0.0
       0.0       0.0       0.0       0.0       0.0       0.0       0.0       0.0       0.0       0.0       0.0       0.0
       0.0       0.0       0.0       0.0       0.0       0.0       0.0       0.0       0.0       0.0       0.0       0.0
       0.0       0.0       0.0       0.0       0.0       0.0       0.0       0.0       0.0       0.0       0.0       0.0
