       0.0       0.0       0.0       0.0       0.0       0.0       0.0       0.0       0.0       0.0       0.0       0.0
       0.0       0.0       0.0       0.0       0.0       0.0       0.0       0.0       0.0       0.0       0.0       0.0
       0.0       0.0       0.0       0.0       0.0       0.0       0.0       0.0       0.0       0.0       0.0       0.0
       0.0       0.0       0.0       0.0       0.0       0.0       0.0       0.0       0.0       0.0       0.0       0.0
       0.0       0.0       0.0       0.0       0.0       0.0       0.0       0.0       0.0       0.0       0.0       0.0
       0.0       0.0       0.0       0.0       0.0       0.0       0.0       0.0       0.0       0.0       0.0       0.0
       0.0       0.0       0.0       0.0       0.0       0.0       0.0       0.0       0.0       0.0       0.0       0.0
       0.0       0.0       0.0       0.0       0.0       0.0       0.0       0.0       0.0       0.0       0.0       0.0
       0.0       0.0       0.0       0.0       0.0       0.0       0.0       0.0       0.0       0.0       0.0       0.0
       0.0       0.0       0.0       0.0       0.0       0.0       0.0       0.0       0.0       0.0       0.0       0.0
       0.0       0.0       0.0       0.0       0.0       0.0       0.0       0.0       0.0       0.0       0.0       0.0
       0.0       0.0       0.0       0.0       0.0       0.0       0.0       0.0       0.0       0.0       0.0       0.0
       0.0       0.0       0.0       0.0       0.0       0.0       0.0       0.0       0.0       0.0       0.0       0.0
       0.0       0.0       0.0       0.0       0.0       0.0       0.0       0.0       0.0       0.0       0.0       0.0
       0.0       0.0       0.0       0.0       0.0       0.0       0.0       0.0       0.0       0.0       0.0       0.0
       0.0       6.0       1.5       0.6       2.7       7.2       8.4       0.5       0.2       0.0       0.0       0.0
       0.0      16.8       0.3       1.7       2.4       2.5       4.1       0.9       0.1       0.0       0.0       0.0
       0.0      10.7       0.6       0.6       0.9       0.3     162.6      37.9       2.8       0.9       0.2       0.0
       0.0       0.5       5.9       2.3       2.0       0.7     146.2      32.1       3.3       2.2       0.9       0.0
       0.0    1059.3    1332.7     329.4     209.2       1.2     108.2     124.1       6.4       1.4       5.1       0.0
       0.0    5365.6    1653.5     620.1     336.8     170.0     106.0      14.6       2.3       0.5       4.6       0.0
       0.0      17.7      73.3     893.0     695.8     557.7     172.0       1.8       0.4       0.0       0.0       0.0
       0.0      42.4     772.0     496.9     290.1     290.0     244.3       1.2       0.1       0.0       0.0       0.0
       0.0     207.6      63.8     128.9     347.2     337.4     913.7      53.4       0.2       0.0       0.0       0.0
       0.0       5.7       6.9     153.7     350.0     839.2    1113.3     383.9      12.5       0.1       0.0       0.0
       0.0       6.3      99.4     271.6     218.7     202.7     112.9     106.8       9.4       0.2       0.1       0.0
       0.0       0.8      26.6      13.8       0.4       0.3       3.6       3.3       1.8       0.0       0.3       0.0
       0.0       0.0       0.0       0.0       0.0       0.0       0.0       0.0       0.0       0.0       0.0       0.0
       0.0       0.0       0.0       0.0       0.0       0.0       0.0       0.0       0.0       0.0       0.0       0.0
       0.0      17.5       4.8       1.2       5.6      17.7      21.6       0.9       0.3       0.0       0.0       0.0
       0.0      43.9       2.0       5.1      11.8       9.3      12.7       2.4       0.3       0.0       0.0       0.0
       0.0      33.6       3.1       1.0       3.5       9.1     301.3      82.4       6.9       3.6       0.8       0.0
       0.0       2.3      22.3      29.0      24.8       4.2     261.5      90.4      12.4       7.5       3.2       0.0
       0.0    2905.5    2269.7    1253.5     499.7      67.2     279.0     195.2      32.3       4.8      11.8       0.0
       0.0   12017.6    6886.2    2074.3    1021.6     568.6     332.7      43.7      10.5       1.4      11.2       0.0
       0.0     233.8     307.0    2976.8    2197.3    1395.9     401.6       8.9       0.7       0.0       0.0       0.0
       0.0      72.2    1609.8    1589.7    1541.1    1579.8     810.9       9.9       0.1       0.0       0.0       0.0
       0.0     218.4     265.9     504.9    1193.6    1811.2    3199.3     706.1       2.0       0.2       0.0       0.0
       0.0      18.3      41.6     602.5    1899.5    2668.3    3053.8    1925.1     135.0       0.2       0.0       0.0
       0.0      13.6     241.7     503.8     625.9     716.4     584.8     344.2      59.9       3.1       0.7       0.0
       0.0       1.7      32.1      20.4       2.0       1.4      21.6      16.8       6.6       0.7       0.7       0.0
       0.0       0.0       0.0       0.0       0.0       0.0       0.0       0.0       0.0       0.0       0.0       0.0
       0.0       0.0       0.0       0.0       0.0       0.0       0.0       0.0       0.0       0.0       0.0       0.0
       0.0      28.8      11.4       2.7       8.5      24.8      26.6       1.0       0.2       1.0       0.2       0.0
       0.0      65.3       5.0       8.0      27.2      24.7      32.2       3.1       0.4       0.1       0.4       0.0
       0.0      76.4       7.4       2.3       8.3      16.6      98.7      27.6      13.9       6.1       1.0       0.0
       0.0      16.9      58.6      65.2      42.8      18.7     220.7      92.0      32.3      13.3       4.5       0.0
       0.0    3754.5    5166.5    3005.9     763.7     324.0     521.6     231.1      58.5      11.1      20.5       0.0
       0.0   16650.7   18183.1    7427.7    1965.1    1004.8    1023.9      93.8      17.7       7.8      24.2       0.0
       0.0    1494.4    7353.8    5812.6    2934.2    2125.1     593.5       7.3       0.8       0.0       0.4       0.0
       0.0     266.3    1738.9    2690.6    2887.1    3566.9    1494.3      21.7       0.2       0.0       0.0       0.0
       0.0     250.8     749.7     607.9    1099.1    3911.3    3951.8    1057.7      12.7       0.0       0.0       0.0
       0.0      80.4     314.9     948.2    2812.0    3873.8    3509.9    2028.6     171.8       0.2       0.0       0.0
       0.0      16.6     263.9     464.6     849.2    1164.4     728.7     425.6      44.4      10.3       1.8       0.0
       0.0       2.5      17.6      10.6       6.4       4.8      48.7      39.0      11.4       1.1       2.6       0.0
       0.0       0.0       0.0       0.0       0.0       0.0       0.0       0.0       0.0       0.0       0.0       0.0
       0.0       0.0       0.0       0.0       0.0       0.0       0.0       0.0       0.0       0.0       0.0       0.0
       0.0      36.7      15.5       3.9       9.4      21.3      22.2       0.7       0.0       2.4       0.3       0.0
       0.0      68.0       9.4       8.1      33.7      44.3      56.0       3.4       0.5       0.6       0.9       0.0
       0.0     138.6      11.5       4.9      17.3      25.6      41.5      22.2      23.5       5.8       1.1       0.0
       0.0      35.8      81.1      24.0      57.0      19.0     119.3      67.5      69.0      15.9       4.0       0.0
       0.0    1289.7    3983.3    2628.4     333.2     185.6     387.1     161.3      51.6      38.1      24.4       0.0
       0.0   10971.8   20989.5    6205.7     878.3     945.5     601.1      91.2      22.9      28.6      36.0       0.0
       0.0    1920.9    7031.2    5300.1    1953.1    1376.3     343.9       3.9       2.3       0.0       0.7       0.0
       0.0     541.5     883.3    1305.9    2006.0    2181.0     919.7      23.1       0.0       0.0       0.0       0.0
       0.0     245.8     527.5     382.6     887.5    1414.7    2268.6     627.7       0.5       0.0       0.0       0.0
       0.0      97.0     333.0     765.1    1325.5    1483.1    1547.9     832.8      39.4       0.9       0.0       0.0
       0.0      16.0     178.3     200.1     362.1     280.6     342.5     177.8      12.5      11.0       1.7       0.0
       0.0       2.2       0.8       6.2       7.7       4.2      22.9      15.7      10.0       1.2       3.6       0.0
       0.0       0.0       0.0       0.0       0.0       0.0       0.0       0.0       0.0       0.0       0.0       0.0
       0.0       0.0       0.0       0.0       0.0       0.0       0.0       0.0       0.0       0.0       0.0       0.0
       0.0      46.7      23.4       4.8      11.6      13.2      13.4       0.2       0.0       3.5       0.1       0.0
       0.0      46.4      17.6       6.1      40.6      56.6      73.3       5.2       0.6       1.2       0.3       0.0
       0.0     231.2      74.2       8.9      44.4      19.8      29.0      10.3      11.2       4.9       0.8       0.0
       0.0     143.9     136.7      17.2      61.4      99.8     205.7      92.1      59.3      13.2       2.5       0.0
       0.0     127.9    2422.2    1179.7     399.0     500.7     458.7     120.0     144.6      67.5      22.1       0.0
       0.0    7333.6   15413.9    3725.2    1039.5    1232.8    1062.8     152.0      63.4      66.3      36.8       0.0
       0.0    2526.7    7833.5    3181.1    1709.3    1868.8     715.0      43.1       5.1       0.1       1.6       0.0
       0.0    1278.6    1220.9    1199.8    2025.2    2642.6    1165.3      58.0       0.1       0.0       0.0       0.0
       0.0     357.1     431.8     966.1     850.1    2998.4    2219.4     269.3       1.0       0.0       0.0       0.0
       0.0      38.0     202.2     821.7    1247.4    2093.4    1435.5     364.9      10.8       3.6       0.0       0.0
       0.0      13.6     116.2     183.1     231.5     485.4     347.8      88.2      22.9      13.8       1.6       0.0
       0.0       1.9       0.6       1.6       7.6      20.3      19.0      14.3       7.6       1.1       4.4       0.0
       0.0       0.0       0.0       0.0       0.0       0.0       0.0       0.0       0.0       0.0       0.0       0.0
       0.0       0.0       0.0       0.0       0.0       0.0       0.0       0.0       0.0       0.0       0.0       0.0
       0.0      58.2      36.2       5.9      11.5       4.4       7.4       0.0       0.0       4.7       0.0       0.0
       0.0      26.6      15.4       2.7      25.1      56.5      68.9       3.6       0.0       0.0       0.0       0.0
       0.0      64.2      36.4       6.4      60.5      22.7      87.6       8.8       0.4       1.9       0.4       0.0
       0.0      13.4      17.2      12.9      19.0      58.4     107.8      40.4      16.4       2.6       1.1       0.0
       0.0       8.5      70.3      83.0     121.6     184.2     218.7      35.3      67.7      40.1      13.4       0.0
       0.0     508.0     401.0     351.9     345.9     349.1     257.4      90.4      60.7      64.1      22.6       0.0
       0.0    3199.7    1371.7     221.9     276.8     282.7     184.7      46.4       3.9       1.8       3.3       0.0
       0.0    2271.5     751.8     223.6     452.6     817.9     440.6      43.6       0.0       0.0       0.0       0.0
       0.0       6.4       5.1     269.3     456.7     755.7     766.6      17.3       1.2       0.0       0.0       0.0
       0.0       4.9      18.9     274.2     383.7     930.8     512.6       7.7      10.5       2.1       0.0       0.0
       0.0       6.9      18.2      64.2      96.4     276.4     140.5      11.6      13.3       3.5       2.5       0.0
       0.0       0.4       0.2       0.0       1.3       7.5      19.5       6.2       5.0       2.0       4.8       0.0
       0.0       0.0       0.0       0.0       0.0       0.0       0.0       0.0       0.0       0.0       0.0       0.0
       0.0       0.0       0.0       0.0       0.0       0.0       0.0       0.0       0.0       0.0       0.0       0.0
       0.0      85.8     108.5      15.2      11.9       1.3       6.2       0.0       2.0       9.0       0.0       0.0
       0.0      28.7      18.3       3.6      17.2      58.3      54.7       1.6       0.0       0.0       0.0       0.0
       0.0      84.8      85.7      65.4      85.1     167.2     137.3       5.3       1.1       2.0       0.0       0.0
       0.0      36.5     124.9      91.9     177.4     236.7     157.6      33.8      27.8       5.6       0.5       0.0
       0.0       3.1      84.6     198.4     269.1     378.9     161.1      90.5      56.1      34.4       5.3       0.0
       0.0      16.2     138.5     351.8     426.7     371.5     178.6     135.5     118.1      56.8       8.5       0.0
       0.0      47.6     274.5     444.9     376.9     419.2     212.2     140.5      76.3      33.4       5.8       0.0
       0.0      10.8     190.8     324.8     261.1     378.3     206.8      95.0      18.8       3.1       0.2       0.0
       0.0       8.8      95.7     230.2     160.6     215.8      92.4      35.7       9.8       0.9       0.0       0.0
       0.0      11.0      38.8     188.3     151.5      73.5      20.9      42.6      14.1       3.8       4.0       0.0
       0.0       4.2       7.5      19.9      37.1      10.6      14.9      23.5      10.8       1.1       8.4       0.0
       0.0       0.0       0.0       0.0       0.0       2.7       8.3       9.7       6.5       3.1       7.6       0.0
       0.0       0.0       0.0       0.0       0.0       0.0       0.0       0.0       0.0       0.0       0.0       0.0
       0.0       0.0       0.0       0.0       0.0       0.0       0.0       0.0       0.0       0.0       0.0       0.0
       0.0      34.8     160.6      50.9      26.4       2.1       0.2       0.0      14.7      10.6       0.0       0.0
       0.0      25.0      90.0      44.8      17.3       2.7       7.0       1.7       2.8       0.0       0.0       0.0
       0.0      28.3      41.5      55.0      45.9      41.4      43.3       6.8       1.8       0.0       0.0       0.0
       0.0      50.4      40.4      40.4      82.4      53.1      60.4       4.2       1.0       0.2       0.0       0.0
       0.0      12.7       8.7      13.8     100.3      51.6      53.4       3.0       3.5       0.3       0.0       0.0
       0.0       0.7       4.6       8.1      56.3      72.7      70.7      10.2       6.6       2.8       0.0       0.0
       0.0       2.2      15.4      37.3      31.6     141.2      82.4      27.6      27.6      14.3       0.8       0.0
       0.0      12.3      72.4      54.3      33.7      75.4      40.8      16.6      10.6       3.8       0.0       0.0
       0.0       8.2      36.5     130.0      58.9      30.8      19.1       5.6       3.1       0.3       0.0       0.0
       0.0       1.4       1.0      23.3      12.1       3.8       1.4       1.8       1.9       1.6       3.5       0.0
       0.0       0.0       0.0       0.0       0.3       2.1       2.9       1.5       0.4       0.0       5.2       0.0
       0.0       0.0       0.0       0.0       0.0       0.6       1.8       4.9       2.4       0.0      13.8       0.0
       0.0       0.0       0.0       0.0       0.0       0.0       0.0       0.0       0.0       0.0       0.0       0.0
       0.0       0.0       0.0       0.0       0.0       0.0       0.0       0.0       0.0       0.0       0.0       0.0
       0.0       5.0      27.4      41.4      17.6       6.0       0.0       2.3      17.4       4.2       0.0       0.0
       0.0      13.4      59.7      76.2      34.1       8.5       1.3       6.9       9.8       0.7       0.0       0.0
       0.0      24.1      62.6     128.4      48.5      14.6       4.9       8.3       5.0       0.0       0.0       0.0
       0.0      26.0      75.7     115.3      91.6      26.7      11.7       5.3       3.2       0.0       0.0       0.0
       0.0      41.5      82.5     103.7     116.5      43.8      15.6       4.4       2.2       0.0       0.0       0.0
       0.0      19.4      88.4      77.6     118.0      67.1       9.7       8.1       0.9       0.0       0.0       0.0
       0.0      13.2      75.4      76.9      76.2      57.2       8.7       6.6       3.6       3.2       0.7       0.0
       0.0      11.2      34.3      80.2      41.8      20.7       9.4      15.2       7.9       4.2       5.5       0.0
       0.0       8.8       6.4      27.2      11.2       2.3       7.6       8.1       9.2       8.9      11.2       0.0
       0.0       2.4       0.4       0.0       0.0       0.0       6.9       3.6       1.6       9.1      26.9       0.0
       0.0       0.0       0.0       0.0       0.0       0.2       5.7       5.9       0.7       0.4      27.2       0.0
       0.0       0.0       0.0       0.0       0.0       0.0       1.9      10.0       4.7       4.4      23.7       0.0
       0.0       0.0       0.0       0.0       0.0       0.0       0.0       0.0       0.0       0.0       0.0       0.0
       0.0       0.0       0.0       0.0       0.0       0.0       0.0       0.0       0.0       0.0       0.0       0.0
       0.0       0.0       0.0       0.0       0.0       0.0       0.0       0.0       0.0       0.0       0.0       0.0
       0.0       0.0       0.0       0.0       0.0       0.0       0.0       0.0       0.0       0.0       0.0       0.0
       0.0       0.0       0.0       0.0       0.0       0.0       0.0       0.0       0.0       0.0       0.0       0.0
       0.0       0.0       0.0       0.0       0.0       0.0       0.0       0.0       0.0       0.0       0.0       0.0
       0.0       0.0       0.0       0.0       0.0       0.0       0.0       0.0       0.0       0.0       0.0       0.0
       0.0       0.0       0.0       0.0       0.0       0.0       0.0       0.0       0.0       0.0       0.0       0.0
       0.0       0.0       0.0       0.0       0.0       0.0       0.0       0.0       0.0       0.0       0.0       0.0
       0.0       0.0       0.0       0.0       0.0       0.0       0.0       0.0       0.0       0.0       0.0       0.0
       0.0       0.0       0.0       0.0       0.0       0.0       0.0       0.0       0.0       0.0       0.0       0.0
       0.0       0.0       0.0       0.0       0.0       0.0       0.0       0.0       0.0       0.0       0.0       0.0
       0.0       0.0       0.0       0.0       0.0       0.0       0.0       0.0       0.0       0.0       0.0       0.0
       0.0       0.0       0.0       0.0       0.0       0.0       0.0       0.0       0.0       0.0       0.0       0.0
       0.0       0.0       0.0       0.0       0.0       0.0       0.0       0.0       0.0       0.0       0.0       0.0
