 1.0000 1.0000 1.0000 1.0000 1.0000 1.0000 1.0000 1.0000 1.0000 1.0000 1.0000 1.0000
 1.0000 1.0000 1.0000 1.0000 1.0000 1.0000 1.0000 1.0000 1.0000 1.0000 1.0000 1.0000
 1.0000 1.0000 1.0000 1.0000 1.0000 1.0000 1.0000 1.0000 1.0000 1.0000 1.0000 1.0000
 1.0000 1.0000 1.0000 1.0000 1.0000 1.0000 1.0000 1.0000 1.0000 1.0000 1.0000 1.0000
 1.0000 1.0000 1.0000 1.0000 1.0000 1.0000 1.0000 1.0000 1.0000 1.0000 1.0000 1.0000
 1.0000 1.0000 1.0000 1.0000 1.0000 1.0000 1.0000 1.0000 1.0000 1.0000 1.0000 1.0000
 1.0000 1.0000 1.0000 1.0000 1.0000 1.0000 1.0000 1.0000 1.0000 1.0000 1.0000 1.0000
 1.0000 1.0000 1.0000 1.0000 1.0000 1.0000 1.0000 1.0000 1.0000 1.0000 1.0000 1.0000
 1.0000 1.0000 1.0000 1.0000 1.0000 1.0000 1.0000 1.0000 1.0000 1.0000 1.0000 1.0000
 1.0000 1.0000 1.0000 1.0000 1.0000 1.0000 1.0000 1.0000 1.0000 1.0000 1.0000 1.0000
 1.0000 1.0000 1.0000 1.0000 1.0000 1.0000 1.0000 1.0000 1.0000 1.0000 1.0000 1.0000
 1.0000 1.0000 1.0000 1.0000 1.0000 1.0000 1.0000 1.0000 1.0000 1.0000 1.0000 1.0000
 1.0000 1.0000 1.0000 1.0000 1.0000 1.0000 1.0000 1.0000 1.0000 1.0000 1.0000 1.0000
 1.0000 1.0000 1.0000 1.0000 1.0000 1.0000 1.0000 1.0000 1.0000 1.0000 1.0000 1.0000
 1.0000 1.0000 1.0000 1.0000 1.0000 1.0000 1.0000 1.0000 1.0000 1.0000 1.0000 1.0000
 1.0000 0.4809 0.5208 0.5147 0.5068 0.4408 0.5286 0.3997 0.4991 0.5008 0.4994 1.0000
 1.0000 0.5496 0.4702 0.4692 0.4460 0.5357 0.4606 0.4644 0.5339 0.5031 0.5008 1.0000
 1.0000 0.4638 0.5449 0.4870 0.4592 0.4618 0.5141 0.4473 0.4257 0.5455 0.5043 1.0000
 1.0000 0.5442 0.4333 0.5003 0.4779 0.5575 0.4464 0.3988 0.5523 0.4773 0.4756 1.0000
 1.0000 0.6684 0.7450 0.4538 0.6447 0.5672 0.6097 0.3565 0.5209 0.5267 0.5105 1.0000
 1.0000 0.7506 0.6753 0.7285 0.5048 0.8525 0.5967 0.6528 0.5188 0.5725 0.5134 1.0000
 1.0000 0.5268 0.6029 0.1001 0.3233 0.5066 0.7873 0.4628 0.6209 0.5010 0.5372 1.0000
 1.0000 0.6522 0.5407 0.3246 0.3322 0.4670 0.6496 0.6304 0.4626 0.4989 0.5008 1.0000
 1.0000 0.7230 0.5162 0.6177 0.5508 0.7756 0.7966 0.5888 0.3671 0.5010 0.4991 1.0000
 1.0000 0.2744 0.6026 0.6074 0.7555 0.7196 0.8001 0.4808 0.4814 0.2742 0.5008 1.0000
 1.0000 0.6058 0.4087 0.7545 0.5622 0.4412 0.6126 0.6335 0.2896 0.5383 0.3808 1.0000
 1.0000 0.2395 0.5654 0.4388 0.4335 0.4273 0.5921 0.3482 0.5595 0.2754 0.5005 1.0000
 1.0000 1.0000 1.0000 1.0000 1.0000 1.0000 1.0000 1.0000 1.0000 1.0000 1.0000 1.0000
 1.0000 1.0000 1.0000 1.0000 1.0000 1.0000 1.0000 1.0000 1.0000 1.0000 1.0000 1.0000
 1.0000 0.3626 0.3024 0.5670 0.5379 0.6402 0.4822 0.6575 0.5011 0.5004 0.4998 1.0000
 1.0000 0.3018 0.5829 0.5189 0.6001 0.4488 0.6390 0.4938 0.5016 0.4901 0.4748 1.0000
 1.0000 0.5666 0.4630 0.6088 0.4430 0.6172 0.5561 0.6827 0.5220 0.4196 0.5021 1.0000
 1.0000 0.6830 0.6444 0.4866 0.5178 0.4700 0.7473 0.6980 0.5598 0.5775 0.4653 1.0000
 1.0000 0.8723 0.7178 0.7817 0.6719 0.8508 0.8471 0.7622 0.7140 0.4741 0.5875 1.0000
 1.0000 0.7139 0.8181 0.8004 0.9368 0.9647 0.9371 0.6737 0.6093 0.5821 0.4304 1.0000
 1.0000 0.4879 0.5640 0.9004 0.8919 0.9773 0.8213 0.5728 0.5204 0.5157 0.5048 1.0000
 1.0000 0.2179 0.3183 0.6113 0.8654 0.8888 0.8683 0.5364 0.5790 0.4996 0.5004 1.0000
 1.0000 0.1654 0.4467 0.5517 0.8207 0.9850 0.9753 0.8432 0.6499 0.5792 0.4997 1.0000
 1.0000 0.7893 0.5427 0.8247 0.9553 0.9785 0.9946 0.8831 0.5538 0.5628 0.5099 1.0000
 1.0000 0.5997 0.4960 0.6217 0.9412 0.8709 0.9493 0.7217 0.5982 0.4351 0.6260 1.0000
 1.0000 0.2822 0.2153 0.2825 0.4729 0.7257 0.6820 0.7688 0.3885 0.6726 0.4453 1.0000
 1.0000 1.0000 1.0000 1.0000 1.0000 1.0000 1.0000 1.0000 1.0000 1.0000 1.0000 1.0000
 1.0000 1.0000 1.0000 1.0000 1.0000 1.0000 1.0000 1.0000 1.0000 1.0000 1.0000 1.0000
 1.0000 0.5745 0.6566 0.3527 0.4447 0.2385 0.4541 0.3233 0.5058 0.4998 0.5163 1.0000
 1.0000 0.6558 0.3787 0.5711 0.3579 0.5353 0.5266 0.5757 0.4818 0.5241 0.5039 1.0000
 1.0000 0.3546 0.5947 0.3944 0.5892 0.5402 0.7815 0.6554 0.5582 0.5267 0.5193 1.0000
 1.0000 0.5192 0.5211 0.6622 0.5237 0.7562 0.8070 0.7260 0.5384 0.5652 0.4460 1.0000
 1.0000 0.7572 0.8329 0.7992 0.9308 0.8934 0.9686 0.8232 0.5029 0.5602 0.5090 1.0000
 1.0000 0.9105 0.9386 0.9321 0.9604 0.9979 0.9811 0.6657 0.4456 0.3794 0.4493 1.0000
 1.0000 0.8854 0.9481 0.9185 0.9734 0.9973 0.9564 0.8017 0.3862 0.5442 0.4813 1.0000
 1.0000 0.8851 0.7885 0.9476 0.9777 0.9966 0.9624 0.8199 0.3354 0.5003 0.4998 1.0000
 1.0000 0.3624 0.8007 0.7950 0.9633 0.9894 0.9976 0.6262 0.5084 0.2906 0.5002 1.0000
 1.0000 0.4708 0.5481 0.9048 0.9636 0.9924 0.9943 0.9859 0.5380 0.5538 0.5159 1.0000
 1.0000 0.2782 0.5443 0.8330 0.8416 0.8782 0.8510 0.8192 0.6773 0.5171 0.4079 1.0000
 1.0000 0.1487 0.3500 0.4214 0.5427 0.4455 0.4056 0.4535 0.4435 0.3716 0.5401 1.0000
 1.0000 1.0000 1.0000 1.0000 1.0000 1.0000 1.0000 1.0000 1.0000 1.0000 1.0000 1.0000
 1.0000 1.0000 1.0000 1.0000 1.0000 1.0000 1.0000 1.0000 1.0000 1.0000 1.0000 1.0000
 1.0000 0.4908 0.3668 0.5440 0.5099 0.6895 0.4817 0.5891 0.4998 0.5254 0.4651 1.0000
 1.0000 0.4390 0.5947 0.3957 0.5486 0.3742 0.6638 0.3471 0.5625 0.4777 0.5585 1.0000
 1.0000 0.6910 0.4129 0.4435 0.4473 0.6072 0.4966 0.6028 0.3280 0.6404 0.4784 1.0000
 1.0000 0.7085 0.4606 0.3509 0.6236 0.6748 0.7937 0.4680 0.4920 0.3997 0.6744 1.0000
 1.0000 0.7134 0.2800 0.3620 0.6173 0.8572 0.9369 0.7719 0.3747 0.6327 0.5077 1.0000
 1.0000 0.6332 0.5403 0.3799 0.9189 0.9676 0.9740 0.7285 0.4850 0.3993 0.5684 1.0000
 1.0000 0.8609 0.4251 0.8415 0.8611 0.9882 0.9430 0.5328 0.3906 0.4669 0.4733 1.0000
 1.0000 0.6693 0.8787 0.7640 0.9726 0.9426 0.7088 0.4857 0.2650 0.4998 0.5002 1.0000
 1.0000 0.8359 0.5521 0.9508 0.9295 0.9769 0.9365 0.5953 0.6425 0.5571 0.4998 1.0000
 1.0000 0.5355 0.8490 0.6938 0.9748 0.9341 0.9676 0.8659 0.7730 0.5920 0.5826 1.0000
 1.0000 0.7909 0.4466 0.8415 0.6652 0.8135 0.8581 0.8785 0.6597 0.5976 0.4954 1.0000
 1.0000 0.5278 0.7770 0.3885 0.5281 0.3512 0.5852 0.6638 0.6406 0.4766 0.4653 1.0000
 1.0000 1.0000 1.0000 1.0000 1.0000 1.0000 1.0000 1.0000 1.0000 1.0000 1.0000 1.0000
 1.0000 1.0000 1.0000 1.0000 1.0000 1.0000 1.0000 1.0000 1.0000 1.0000 1.0000 1.0000
 1.0000 0.5583 0.5805 0.5669 0.5004 0.4311 0.5599 0.5350 0.4819 0.3646 0.5000 1.0000
 1.0000 0.6221 0.5655 0.5537 0.6160 0.5994 0.7042 0.5333 0.4511 0.4225 0.3488 1.0000
 1.0000 0.5215 0.5209 0.5569 0.7051 0.7834 0.7415 0.6674 0.4862 0.4307 0.5418 1.0000
 1.0000 0.5316 0.6556 0.5950 0.8828 0.9381 0.9367 0.7178 0.6056 0.5077 0.4230 1.0000
 1.0000 0.6956 0.7222 0.8433 0.9240 0.9894 0.9837 0.9118 0.7097 0.5104 0.4404 1.0000
 1.0000 0.7772 0.9107 0.8682 0.9918 0.9933 0.9907 0.9440 0.8455 0.5760 0.4964 1.0000
 1.0000 0.9257 0.9491 0.9779 0.9670 0.9925 0.9801 0.8756 0.7328 0.6339 0.4944 1.0000
 1.0000 0.7016 0.9850 0.9578 0.9790 0.9865 0.9181 0.8350 0.5070 0.5000 0.5000 1.0000
 1.0000 0.6665 0.7513 0.9647 0.9731 0.9927 0.9882 0.7833 0.5465 0.4617 0.5000 1.0000
 1.0000 0.4724 0.9295 0.9469 0.9575 0.9778 0.9759 0.7936 0.5073 0.3607 0.5354 1.0000
 1.0000 0.5482 0.7252 0.8531 0.7838 0.9685 0.9072 0.7182 0.4240 0.5440 0.4087 1.0000
 1.0000 0.3568 0.6027 0.4901 0.5841 0.5920 0.6200 0.4167 0.3819 0.3839 0.5538 1.0000
 1.0000 1.0000 1.0000 1.0000 1.0000 1.0000 1.0000 1.0000 1.0000 1.0000 1.0000 1.0000
 1.0000 1.0000 1.0000 1.0000 1.0000 1.0000 1.0000 1.0000 1.0000 1.0000 1.0000 1.0000
 1.0000 0.5871 0.4260 0.4938 0.5935 0.6559 0.4574 0.4778 0.5000 0.5000 0.5000 1.0000
 1.0000 0.4136 0.5138 0.3598 0.6191 0.5371 0.5417 0.3910 0.4446 0.4929 0.5000 1.0000
 1.0000 0.6788 0.3398 0.5000 0.4560 0.6218 0.4169 0.5042 0.5391 0.4819 0.4584 1.0000
 1.0000 0.4958 0.6722 0.3108 0.7388 0.5087 0.6081 0.6626 0.4665 0.5894 0.5494 1.0000
 1.0000 0.6554 0.4535 0.7011 0.4990 0.7846 0.5648 0.6182 0.5000 0.6382 0.4664 1.0000
 1.0000 0.6930 0.8524 0.4835 0.8189 0.4320 0.6806 0.3881 0.3972 0.3676 0.5801 1.0000
 1.0000 0.7149 0.6247 0.7909 0.2868 0.7556 0.3110 0.5788 0.2127 0.5596 0.3498 1.0000
 1.0000 0.5643 0.5782 0.2582 0.5796 0.2126 0.5386 0.2948 0.5913 0.4575 0.5422 1.0000
 1.0000 0.5450 0.4352 0.5701 0.2562 0.5544 0.0968 0.4418 0.3487 0.5437 0.5000 1.0000
 1.0000 0.5686 0.3507 0.2279 0.6237 0.2525 0.4633 0.1617 0.5297 0.4092 0.5112 1.0000
 1.0000 0.4894 0.3907 0.4417 0.3028 0.6613 0.1428 0.6090 0.3046 0.5445 0.4482 1.0000
 1.0000 0.6040 0.4664 0.3918 0.7763 0.4727 0.7572 0.4736 0.7219 0.4028 0.5393 1.0000
 1.0000 1.0000 1.0000 1.0000 1.0000 1.0000 1.0000 1.0000 1.0000 1.0000 1.0000 1.0000
 1.0000 1.0000 1.0000 1.0000 1.0000 1.0000 1.0000 1.0000 1.0000 1.0000 1.0000 1.0000
 1.0000 0.4222 0.2800 0.5071 0.3732 0.4182 0.4260 0.5857 0.4997 0.5003 0.4998 1.0000
 1.0000 0.5087 0.5561 0.4090 0.4762 0.3818 0.3725 0.6084 0.5181 0.5124 0.5003 1.0000
 1.0000 0.8304 0.6029 0.8351 0.7214 0.4846 0.5703 0.6211 0.6923 0.4620 0.5169 1.0000
 1.0000 0.6246 0.6926 0.7798 0.7864 0.6246 0.4490 0.6493 0.4837 0.6325 0.4321 1.0000
 1.0000 0.4341 0.5402 0.8216 0.8249 0.6315 0.6954 0.6411 0.7712 0.5941 0.6791 1.0000
 1.0000 0.6214 0.6945 0.8506 0.8476 0.7164 0.8459 0.7545 0.7868 0.7616 0.6197 1.0000
 1.0000 0.7470 0.8611 0.8740 0.8571 0.7656 0.8125 0.7585 0.7244 0.6897 0.6138 1.0000
 1.0000 0.7016 0.5553 0.7383 0.8816 0.6544 0.7751 0.6500 0.6241 0.5089 0.5003 1.0000
 1.0000 0.2736 0.4604 0.4307 0.6741 0.6659 0.5760 0.6862 0.5420 0.5134 0.4997 1.0000
 1.0000 0.4842 0.4090 0.4147 0.6233 0.3786 0.6095 0.4781 0.6159 0.5019 0.5164 1.0000
 1.0000 0.5233 0.5804 0.5002 0.5574 0.6638 0.3653 0.5919 0.5063 0.5757 0.5141 1.0000
 1.0000 0.4141 0.6141 0.4565 0.6089 0.5009 0.4722 0.4229 0.6044 0.5395 0.5024 1.0000
 1.0000 1.0000 1.0000 1.0000 1.0000 1.0000 1.0000 1.0000 1.0000 1.0000 1.0000 1.0000
 1.0000 1.0000 1.0000 1.0000 1.0000 1.0000 1.0000 1.0000 1.0000 1.0000 1.0000 1.0000
 1.0000 0.4922 0.5236 0.4406 0.5297 0.4997 0.5003 0.4997 0.5003 0.4997 0.5002 1.0000
 1.0000 0.4964 0.3770 0.5105 0.4150 0.3893 0.3863 0.5004 0.4996 0.5004 0.4997 1.0000
 1.0000 0.3142 0.4443 0.3884 0.4075 0.3269 0.3843 0.3863 0.5022 0.4996 0.5003 1.0000
 1.0000 0.3234 0.2640 0.4431 0.5622 0.6361 0.4839 0.6091 0.4674 0.5022 0.4997 1.0000
 1.0000 0.3720 0.3999 0.5432 0.6675 0.5701 0.4965 0.3564 0.4641 0.4658 0.5003 1.0000
 1.0000 0.4599 0.5057 0.3475 0.5507 0.2510 0.3486 0.2542 0.3132 0.5004 0.4997 1.0000
 1.0000 0.4051 0.2855 0.5004 0.2944 0.4212 0.3817 0.5254 0.3676 0.4044 0.5003 1.0000
 1.0000 0.3922 0.5683 0.4611 0.5296 0.3332 0.6501 0.4513 0.4355 0.5004 0.4997 1.0000
 1.0000 0.5073 0.5350 0.5998 0.5348 0.3560 0.4428 0.4591 0.4196 0.4996 0.5003 1.0000
 1.0000 0.5292 0.6180 0.6690 0.5608 0.5867 0.4996 0.4096 0.4983 0.5004 0.4997 1.0000
 1.0000 0.5258 0.5004 0.5735 0.5867 0.4996 0.4900 0.6216 0.3972 0.4983 0.5003 1.0000
 1.0000 0.5002 0.4997 0.5003 0.4997 0.5003 0.6618 0.5586 0.5617 0.3878 0.4998 1.0000
 1.0000 1.0000 1.0000 1.0000 1.0000 1.0000 1.0000 1.0000 1.0000 1.0000 1.0000 1.0000
 1.0000 1.0000 1.0000 1.0000 1.0000 1.0000 1.0000 1.0000 1.0000 1.0000 1.0000 1.0000
 1.0000 0.5003 0.4984 0.5025 0.4984 0.5006 0.4994 0.5006 0.4994 0.5006 0.4996 1.0000
 1.0000 0.4837 0.5031 0.4926 0.5031 0.4993 0.5007 0.4993 0.5007 0.4993 0.5006 1.0000
 1.0000 0.5305 0.4772 0.4941 0.4913 0.5007 0.4993 0.5007 0.4993 0.5007 0.4994 1.0000
 1.0000 0.4414 0.6360 0.4550 0.5007 0.4993 0.5007 0.4993 0.5007 0.4993 0.5006 1.0000
 1.0000 0.5781 0.4569 0.5835 0.4105 0.5007 0.4993 0.5007 0.4993 0.5007 0.4994 1.0000
 1.0000 0.3671 0.5813 0.3884 0.5122 0.4444 0.5007 0.4993 0.5007 0.4993 0.5006 1.0000
 1.0000 0.4971 0.4558 0.5710 0.4888 0.5547 0.4993 0.5007 0.4993 0.5007 0.4994 1.0000
 1.0000 0.4953 0.5015 0.4957 0.5547 0.4993 0.5007 0.4993 0.5007 0.4993 0.5006 1.0000
 1.0000 0.5006 0.4993 0.5007 0.4993 0.5007 0.4993 0.5007 0.4993 0.5007 0.4994 1.0000
 1.0000 0.4994 0.5007 0.4993 0.5007 0.4993 0.5007 0.4993 0.5007 0.4993 0.5006 1.0000
 1.0000 0.5006 0.4993 0.5007 0.4993 0.5007 0.4993 0.5007 0.4993 0.5007 0.4994 1.0000
 1.0000 0.4996 0.5006 0.4994 0.5006 0.4994 0.5006 0.4994 0.5006 0.4994 0.5003 1.0000
 1.0000 1.0000 1.0000 1.0000 1.0000 1.0000 1.0000 1.0000 1.0000 1.0000 1.0000 1.0000
 1.0000 1.0000 1.0000 1.0000 1.0000 1.0000 1.0000 1.0000 1.0000 1.0000 1.0000 1.0000
 1.0000 1.0000 1.0000 1.0000 1.0000 1.0000 1.0000 1.0000 1.0000 1.0000 1.0000 1.0000
 1.0000 1.0000 1.0000 1.0000 1.0000 1.0000 1.0000 1.0000 1.0000 1.0000 1.0000 1.0000
 1.0000 1.0000 1.0000 1.0000 1.0000 1.0000 1.0000 1.0000 1.0000 1.0000 1.0000 1.0000
 1.0000 1.0000 1.0000 1.0000 1.0000 1.0000 1.0000 1.0000 1.0000 1.0000 1.0000 1.0000
 1.0000 1.0000 1.0000 1.0000 1.0000 1.0000 1.0000 1.0000 1.0000 1.0000 1.0000 1.0000
 1.0000 1.0000 1.0000 1.0000 1.0000 1.0000 1.0000 1.0000 1.0000 1.0000 1.0000 1.0000
 1.0000 1.0000 1.0000 1.0000 1.0000 1.0000 1.0000 1.0000 1.0000 1.0000 1.0000 1.0000
 1.0000 1.0000 1.0000 1.0000 1.0000 1.0000 1.0000 1.0000 1.0000 1.0000 1.0000 1.0000
 1.0000 1.0000 1.0000 1.0000 1.0000 1.0000 1.0000 1.0000 1.0000 1.0000 1.0000 1.0000
 1.0000 1.0000 1.0000 1.0000 1.0000 1.0000 1.0000 1.0000 1.0000 1.0000 1.0000 1.0000
 1.0000 1.0000 1.0000 1.0000 1.0000 1.0000 1.0000 1.0000 1.0000 1.0000 1.0000 1.0000
 1.0000 1.0000 1.0000 1.0000 1.0000 1.0000 1.0000 1.0000 1.0000 1.0000 1.0000 1.0000
 1.0000 1.0000 1.0000 1.0000 1.0000 1.0000 1.0000 1.0000 1.0000 1.0000 1.0000 1.0000
