iuses= 
invdel= 
iuseq= 
 
 
velocity size:
bld 0.1
 
xgrid 
96.0 101.5
 
ygrid 
23.0 27.5
 
zgrid 
-100.0 5.0
 
 
velocity on
 
layer P
0.30 0.30
0.30 0.30
0.30 0.30
0.30 0.30
0.30 0.30
0.30 0.30
0.30 0.30
0.30 0.30
0.30 0.30
0.30 0.30
0.30 0.30
0.30 0.30
0.30 0.30
0.30 0.30
 
layer P
4.88 4.88
4.88 4.88
4.88 4.88
4.88 4.88
4.88 4.88
4.88 4.88
4.88 4.88
4.88 4.88
4.88 4.88
4.88 4.88
4.88 4.88
4.88 4.88
4.88 4.88
4.88 4.88
 
layer P
5.80 5.80
5.80 5.80
5.80 5.80
5.80 5.80
5.80 5.80
5.80 5.80
5.80 5.80
5.80 5.80
5.80 5.80
5.80 5.80
5.80 5.80
5.80 5.80
5.80 5.80
5.80 5.80
 
layer P
6.04 6.04
6.04 6.04
6.04 6.04
6.04 6.04
6.04 6.04
6.04 6.04
6.04 6.04
6.04 6.04
6.04 6.04
6.04 6.04
6.04 6.04
6.04 6.04
6.04 6.04
6.04 6.04
 
layer P
6.04 6.04
6.04 6.04
6.04 6.04
6.04 6.04
6.04 6.04
6.04 6.04
6.04 6.04
6.04 6.04
6.04 6.04
6.04 6.04
6.04 6.04
6.04 6.04
6.04 6.04
6.04 6.04
 
layer P
6.82 6.82
6.82 6.82
6.82 6.82
6.82 6.82
6.82 6.82
6.82 6.82
6.82 6.82
6.82 6.82
6.82 6.82
6.82 6.82
6.82 6.82
6.82 6.82
6.82 6.82
6.82 6.82
 
layer P
6.82 6.82
6.82 6.82
6.82 6.82
6.82 6.82
6.82 6.82
6.82 6.82
6.82 6.82
6.82 6.82
6.82 6.82
6.82 6.82
6.82 6.82
6.82 6.82
6.82 6.82
6.82 6.82
 
layer P
7.61 7.61
7.61 7.61
7.61 7.61
7.61 7.61
7.61 7.61
7.61 7.61
7.61 7.61
7.61 7.61
7.61 7.61
7.61 7.61
7.61 7.61
7.61 7.61
7.61 7.61
7.61 7.61
 
layer P
7.61 7.61
7.61 7.61
7.61 7.61
7.61 7.61
7.61 7.61
7.61 7.61
7.61 7.61
7.61 7.61
7.61 7.61
7.61 7.61
7.61 7.61
7.61 7.61
7.61 7.61
7.61 7.61
 
layer P
8.38 8.38
8.38 8.38
8.38 8.38
8.38 8.38
8.38 8.38
8.38 8.38
8.38 8.38
8.38 8.38
8.38 8.38
8.38 8.38
8.38 8.38
8.38 8.38
8.38 8.38
8.38 8.38
 
layer P
9.00 9.00
9.00 9.00
9.00 9.00
9.00 9.00
9.00 9.00
9.00 9.00
9.00 9.00
9.00 9.00
9.00 9.00
9.00 9.00
9.00 9.00
9.00 9.00
9.00 9.00
9.00 9.00
 
layer Vp/Vs
1.76 1.76
1.76 1.76
1.76 1.76
1.76 1.76
1.76 1.76
1.76 1.76
1.76 1.76
1.76 1.76
1.76 1.76
1.76 1.76
1.76 1.76
1.76 1.76
1.76 1.76
1.76 1.76
 
layer Vp/Vs
1.71 1.71
1.71 1.71
1.71 1.71
1.71 1.71
1.71 1.71
1.71 1.71
1.71 1.71
1.71 1.71
1.71 1.71
1.71 1.71
1.71 1.71
1.71 1.71
1.71 1.71
1.71 1.71
 
layer Vp/Vs
1.71 1.71
1.71 1.71
1.71 1.71
1.71 1.71
1.71 1.71
1.71 1.71
1.71 1.71
1.71 1.71
1.71 1.71
1.71 1.71
1.71 1.71
1.71 1.71
1.71 1.71
1.71 1.71
 
layer Vp/Vs
1.70 1.70
1.70 1.70
1.70 1.70
1.70 1.70
1.70 1.70
1.70 1.70
1.70 1.70
1.70 1.70
1.70 1.70
1.70 1.70
1.70 1.70
1.70 1.70
1.70 1.70
1.70 1.70
 
layer Vp/Vs
1.70 1.70
1.70 1.70
1.70 1.70
1.70 1.70
1.70 1.70
1.70 1.70
1.70 1.70
1.70 1.70
1.70 1.70
1.70 1.70
1.70 1.70
1.70 1.70
1.70 1.70
1.70 1.70
 
layer Vp/Vs
1.71 1.71
1.71 1.71
1.71 1.71
1.71 1.71
1.71 1.71
1.71 1.71
1.71 1.71
1.71 1.71
1.71 1.71
1.71 1.71
1.71 1.71
1.71 1.71
1.71 1.71
1.71 1.71
 
layer Vp/Vs
1.71 1.71
1.71 1.71
1.71 1.71
1.71 1.71
1.71 1.71
1.71 1.71
1.71 1.71
1.71 1.71
1.71 1.71
1.71 1.71
1.71 1.71
1.71 1.71
1.71 1.71
1.71 1.71
 
layer Vp/Vs
1.71 1.71
1.71 1.71
1.71 1.71
1.71 1.71
1.71 1.71
1.71 1.71
1.71 1.71
1.71 1.71
1.71 1.71
1.71 1.71
1.71 1.71
1.71 1.71
1.71 1.71
1.71 1.71
 
layer Vp/Vs
1.71 1.71
1.71 1.71
1.71 1.71
1.71 1.71
1.71 1.71
1.71 1.71
1.71 1.71
1.71 1.71
1.71 1.71
1.71 1.71
1.71 1.71
1.71 1.71
1.71 1.71
1.71 1.71
 
layer Vp/Vs
1.71 1.71
1.71 1.71
1.71 1.71
1.71 1.71
1.71 1.71
1.71 1.71
1.71 1.71
1.71 1.71
1.71 1.71
1.71 1.71
1.71 1.71
1.71 1.71
1.71 1.71
1.71 1.71
 
layer Vp/Vs
1.73 1.73
1.73 1.73
1.73 1.73
1.73 1.73
1.73 1.73
1.73 1.73
1.73 1.73
1.73 1.73
1.73 1.73
1.73 1.73
1.73 1.73
1.73 1.73
1.73 1.73
1.73 1.73
 
layer S
0.17 0.17
0.17 0.17
0.17 0.17
0.17 0.17
0.17 0.17
0.17 0.17
0.17 0.17
0.17 0.17
0.17 0.17
0.17 0.17
0.17 0.17
0.17 0.17
0.17 0.17
0.17 0.17
 
layer S
2.86 2.86
2.86 2.86
2.86 2.86
2.86 2.86
2.86 2.86
2.86 2.86
2.86 2.86
2.86 2.86
2.86 2.86
2.86 2.86
2.86 2.86
2.86 2.86
2.86 2.86
2.86 2.86
 
layer S
3.40 3.40
3.40 3.40
3.40 3.40
3.40 3.40
3.40 3.40
3.40 3.40
3.40 3.40
3.40 3.40
3.40 3.40
3.40 3.40
3.40 3.40
3.40 3.40
3.40 3.40
3.40 3.40
 
layer S
3.55 3.55
3.55 3.55
3.55 3.55
3.55 3.55
3.55 3.55
3.55 3.55
3.55 3.55
3.55 3.55
3.55 3.55
3.55 3.55
3.55 3.55
3.55 3.55
3.55 3.55
3.55 3.55
 
layer S
3.55 3.55
3.55 3.55
3.55 3.55
3.55 3.55
3.55 3.55
3.55 3.55
3.55 3.55
3.55 3.55
3.55 3.55
3.55 3.55
3.55 3.55
3.55 3.55
3.55 3.55
3.55 3.55
 
layer S
3.98 3.98
3.98 3.98
3.98 3.98
3.98 3.98
3.98 3.98
3.98 3.98
3.98 3.98
3.98 3.98
3.98 3.98
3.98 3.98
3.98 3.98
3.98 3.98
3.98 3.98
3.98 3.98
 
layer S
3.98 3.98
3.98 3.98
3.98 3.98
3.98 3.98
3.98 3.98
3.98 3.98
3.98 3.98
3.98 3.98
3.98 3.98
3.98 3.98
3.98 3.98
3.98 3.98
3.98 3.98
3.98 3.98
 
layer S
4.45 4.45
4.45 4.45
4.45 4.45
4.45 4.45
4.45 4.45
4.45 4.45
4.45 4.45
4.45 4.45
4.45 4.45
4.45 4.45
4.45 4.45
4.45 4.45
4.45 4.45
4.45 4.45
 
layer S
4.45 4.45
4.45 4.45
4.45 4.45
4.45 4.45
4.45 4.45
4.45 4.45
4.45 4.45
4.45 4.45
4.45 4.45
4.45 4.45
4.45 4.45
4.45 4.45
4.45 4.45
4.45 4.45
 
layer S
4.90 4.90
4.90 4.90
4.90 4.90
4.90 4.90
4.90 4.90
4.90 4.90
4.90 4.90
4.90 4.90
4.90 4.90
4.90 4.90
4.90 4.90
4.90 4.90
4.90 4.90
4.90 4.90
 
layer S
5.20 5.20
5.20 5.20
5.20 5.20
5.20 5.20
5.20 5.20
5.20 5.20
5.20 5.20
5.20 5.20
5.20 5.20
5.20 5.20
5.20 5.20
5.20 5.20
5.20 5.20
5.20 5.20
 
number fixed,
INPUT3:npar,nparv,npari,nparvi 2160
S will
DWS P-wave.
0.0 0.0
0.0 0.0
0.0 0.0
0.0 0.0
0.0 0.0
0.0 0.0
0.0 0.0
0.0 0.0
0.0 0.0
0.0 0.0
0.0 0.0
0.0 0.0
0.0 0.0
0.0 0.0
0.0 0.0
0.0 23.4
0.0 3.8
0.0 6.6
0.0 32.4
0.0 4744.9
0.0 417.8
0.0 48.9
0.0 268.8
0.0 537.0
0.0 53.4
0.0 366.3
0.0 42.3
0.0 0.0
0.0 0.0
0.0 79.9
0.0 21.2
0.0 33.5
0.0 185.3
0.0 5604.6
0.0 3080.4
0.0 185.2
0.0 1056.4
0.0 840.4
0.0 350.7
0.0 1128.5
0.0 59.3
0.0 0.0
0.0 0.0
0.0 167.5
0.0 52.7
0.0 77.3
0.0 513.8
0.0 4363.7
0.0 8976.6
0.0 2895.6
0.0 1458.5
0.0 1324.8
0.0 1843.3
0.0 1502.3
0.0 28.6
0.0 0.0
0.0 0.0
0.0 237.0
0.0 88.0
0.0 99.6
0.0 670.0
0.0 1356.9
0.0 3892.7
0.0 1179.7
0.0 734.8
0.0 649.6
0.0 481.8
0.0 456.5
0.0 3.0
0.0 0.0
0.0 0.0
0.0 358.8
0.0 163.1
0.0 684.0
0.0 1669.6
0.0 1647.8
0.0 7306.2
0.0 3917.5
0.0 1493.6
0.0 850.2
0.0 1123.8
0.0 463.9
0.0 7.6
0.0 0.0
0.0 0.0
0.0 531.6
0.0 207.5
0.0 352.1
0.0 197.4
0.0 606.9
0.0 2278.7
0.0 601.1
0.0 152.5
0.0 167.6
0.0 219.9
0.0 75.0
0.0 0.0
0.0 0.0
0.0 0.0
0.0 1253.8
0.0 277.6
0.0 1100.5
0.0 1208.1
0.0 886.7
0.0 1649.8
0.0 2108.9
0.0 1778.9
0.0 978.0
0.0 260.2
0.0 48.1
0.0 0.0
0.0 0.0
0.0 0.0
0.0 1990.0
0.0 236.3
0.0 298.7
0.0 568.0
0.0 280.2
0.0 43.8
0.0 58.2
0.0 261.6
0.0 123.7
0.0 13.5
0.0 1.4
0.0 0.0
0.0 0.0
0.0 0.0
0.0 758.2
0.0 1020.3
0.0 821.0
0.0 903.7
0.0 1062.0
0.0 931.8
0.0 778.0
0.0 390.2
0.0 79.4
0.0 0.0
0.0 0.0
0.0 0.0
0.0 0.0
0.0 0.0
0.0 0.0
0.0 0.0
0.0 0.0
0.0 0.0
0.0 0.0
0.0 0.0
0.0 0.0
0.0 0.0
0.0 0.0
0.0 0.0
0.0 0.0
0.0 0.0
0.0 0.0
DWS S-wave.
0.0 0.0
0.0 0.0
0.0 0.0
0.0 0.0
0.0 0.0
0.0 0.0
0.0 0.0
0.0 0.0
0.0 0.0
0.0 0.0
0.0 0.0
0.0 0.0
0.0 0.0
0.0 0.0
0.0 0.0
0.0 0.0
0.0 2.6
0.0 3.3
0.0 22.0
0.0 3572.8
0.0 282.6
0.0 32.2
0.0 189.2
0.0 299.4
0.0 36.8
0.0 269.0
0.0 26.6
0.0 0.0
0.0 0.0
0.0 1.8
0.0 9.0
0.0 13.7
0.0 130.6
0.0 4224.6
0.0 2145.8
0.0 127.1
0.0 733.9
0.0 502.1
0.0 222.7
0.0 806.0
0.0 36.2
0.0 0.0
0.0 0.0
0.0 4.4
0.0 17.9
0.0 32.9
0.0 367.3
0.0 3233.7
0.0 6121.3
0.0 1765.9
0.0 1003.6
0.0 859.8
0.0 1250.7
0.0 1060.8
0.0 16.0
0.0 0.0
0.0 0.0
0.0 4.7
0.0 23.4
0.0 41.8
0.0 453.2
0.0 777.8
0.0 2312.5
0.0 705.8
0.0 369.9
0.0 348.8
0.0 248.0
0.0 227.1
0.0 0.9
0.0 0.0
0.0 0.0
0.0 4.2
0.0 28.2
0.0 401.6
0.0 1014.7
0.0 671.9
0.0 3598.2
0.0 2224.4
0.0 755.3
0.0 473.7
0.0 482.7
0.0 220.3
0.0 4.9
0.0 0.0
0.0 0.0
0.0 4.3
0.0 27.9
0.0 57.9
0.0 46.8
0.0 59.1
0.0 188.2
0.0 179.8
0.0 67.8
0.0 47.7
0.0 37.8
0.0 16.1
0.0 0.0
0.0 0.0
0.0 0.0
0.0 7.0
0.0 57.2
0.0 247.0
0.0 155.4
0.0 47.7
0.0 73.4
0.0 300.4
0.0 201.0
0.0 97.2
0.0 30.8
0.0 24.9
0.0 0.0
0.0 0.0
0.0 0.0
0.0 6.3
0.0 2.6
0.0 18.5
0.0 9.1
0.0 4.6
0.0 0.1
0.0 2.0
0.0 11.6
0.0 5.4
0.0 0.1
0.0 1.0
0.0 0.0
0.0 0.0
0.0 0.0
0.0 0.4
0.0 0.0
0.0 1.2
0.0 8.6
0.0 33.4
0.0 9.3
0.0 5.1
0.0 1.6
0.0 0.3
0.0 0.0
0.0 0.0
0.0 0.0
0.0 0.0
0.0 0.0
0.0 0.0
0.0 0.0
0.0 0.0
0.0 0.0
0.0 0.0
0.0 0.0
0.0 0.0
0.0 0.0
0.0 0.0
0.0 0.0
0.0 0.0
0.0 0.0
0.0 0.0
End the
new_loc+new_npari: 
DWS P-wave.
0.0 0.0
0.0 0.0
0.0 0.0
0.0 0.0
0.0 0.0
0.0 0.0
0.0 0.0
0.0 0.0
0.0 0.0
0.0 0.0
0.0 0.0
0.0 0.0
0.0 0.0
0.0 0.0
0.0 0.0
0.0 23.4
0.0 3.8
0.0 6.6
0.0 31.9
0.0 4735.9
0.0 417.7
0.0 48.9
0.0 268.8
0.0 528.1
0.0 53.4
0.0 366.2
0.0 42.3
0.0 0.0
0.0 0.0
0.0 79.8
0.0 21.2
0.0 33.5
0.0 182.6
0.0 5595.5
0.0 3079.8
0.0 185.2
0.0 1055.7
0.0 820.0
0.0 350.7
0.0 1128.3
0.0 59.3
0.0 0.0
0.0 0.0
0.0 167.3
0.0 52.6
0.0 77.3
0.0 504.2
0.0 4356.4
0.0 8973.5
0.0 2893.3
0.0 1450.4
0.0 1277.6
0.0 1841.5
0.0 1501.9
0.0 28.6
0.0 0.0
0.0 0.0
0.0 236.7
0.0 88.0
0.0 99.5
0.0 669.9
0.0 1356.7
0.0 3890.1
0.0 1177.6
0.0 707.6
0.0 630.5
0.0 471.7
0.0 456.1
0.0 3.0
0.0 0.0
0.0 0.0
0.0 358.3
0.0 163.0
0.0 683.9
0.0 1669.5
0.0 1647.7
0.0 7303.9
0.0 3915.6
0.0 1493.2
0.0 842.9
0.0 1101.2
0.0 463.5
0.0 7.6
0.0 0.0
0.0 0.0
0.0 530.9
0.0 207.4
0.0 351.9
0.0 197.4
0.0 606.8
0.0 2278.4
0.0 600.9
0.0 152.4
0.0 167.5
0.0 219.6
0.0 74.7
0.0 0.0
0.0 0.0
0.0 0.0
0.0 1252.3
0.0 277.4
0.0 1099.7
0.0 1206.8
0.0 886.4
0.0 1649.6
0.0 2108.4
0.0 1778.6
0.0 977.7
0.0 259.6
0.0 47.9
0.0 0.0
0.0 0.0
0.0 0.0
0.0 1988.2
0.0 236.0
0.0 298.3
0.0 567.4
0.0 280.0
0.0 43.7
0.0 58.2
0.0 261.5
0.0 123.6
0.0 13.4
0.0 1.4
0.0 0.0
0.0 0.0
0.0 0.0
0.0 757.8
0.0 1019.6
0.0 820.6
0.0 903.1
0.0 1061.6
0.0 931.7
0.0 777.9
0.0 390.1
0.0 79.0
0.0 0.0
0.0 0.0
0.0 0.0
0.0 0.0
0.0 0.0
0.0 0.0
0.0 0.0
0.0 0.0
0.0 0.0
0.0 0.0
0.0 0.0
0.0 0.0
0.0 0.0
0.0 0.0
0.0 0.0
0.0 0.0
0.0 0.0
0.0 0.0
DWS S-wave.
0.0 0.0
0.0 0.0
0.0 0.0
0.0 0.0
0.0 0.0
0.0 0.0
0.0 0.0
0.0 0.0
0.0 0.0
0.0 0.0
0.0 0.0
0.0 0.0
0.0 0.0
0.0 0.0
0.0 0.0
0.0 0.0
0.0 2.6
0.0 3.2
0.0 21.6
0.0 3560.8
0.0 281.3
0.0 32.1
0.0 188.3
0.0 289.5
0.0 36.6
0.0 267.3
0.0 26.4
0.0 0.0
0.0 0.0
0.0 1.8
0.0 8.9
0.0 13.6
0.0 128.0
0.0 4212.0
0.0 2136.6
0.0 126.6
0.0 729.5
0.0 484.3
0.0 220.8
0.0 800.8
0.0 35.9
0.0 0.0
0.0 0.0
0.0 4.2
0.0 17.8
0.0 32.7
0.0 358.4
0.0 3217.9
0.0 6071.1
0.0 1739.0
0.0 975.4
0.0 820.6
0.0 1235.1
0.0 1052.9
0.0 15.9
0.0 0.0
0.0 0.0
0.0 4.5
0.0 23.3
0.0 41.4
0.0 449.6
0.0 770.9
0.0 2288.3
0.0 696.8
0.0 360.7
0.0 339.2
0.0 232.9
0.0 224.1
0.0 0.9
0.0 0.0
0.0 0.0
0.0 4.0
0.0 27.8
0.0 398.4
0.0 1005.8
0.0 666.4
0.0 3566.4
0.0 2199.1
0.0 742.2
0.0 469.2
0.0 476.6
0.0 218.6
0.0 4.8
0.0 0.0
0.0 0.0
0.0 4.1
0.0 27.4
0.0 56.9
0.0 46.3
0.0 57.9
0.0 184.6
0.0 177.0
0.0 66.6
0.0 46.8
0.0 36.9
0.0 15.7
0.0 0.0
0.0 0.0
0.0 0.0
0.0 6.6
0.0 56.4
0.0 242.9
0.0 151.6
0.0 46.3
0.0 71.5
0.0 295.0
0.0 196.7
0.0 95.1
0.0 30.1
0.0 24.7
0.0 0.0
0.0 0.0
0.0 0.0
0.0 5.9
0.0 2.5
0.0 18.3
0.0 8.7
0.0 4.5
0.0 0.1
0.0 1.9
0.0 11.2
0.0 5.2
0.0 0.0
0.0 1.0
0.0 0.0
0.0 0.0
0.0 0.0
0.0 0.4
0.0 0.0
0.0 1.0
0.0 8.1
0.0 32.4
0.0 8.9
0.0 4.4
0.0 1.3
0.0 0.2
0.0 0.0
0.0 0.0
0.0 0.0
0.0 0.0
0.0 0.0
0.0 0.0
0.0 0.0
0.0 0.0
0.0 0.0
0.0 0.0
0.0 0.0
0.0 0.0
0.0 0.0
0.0 0.0
0.0 0.0
0.0 0.0
0.0 0.0
0.0 0.0
End the
new_loc+new_npari: 
P-wave at
0.300 0.300
0.300 0.300
0.300 0.300
0.300 0.300
0.300 0.300
0.300 0.300
0.300 0.300
0.300 0.300
0.300 0.300
0.300 0.300
0.300 0.300
0.300 0.300
0.300 0.300
0.300 0.300
4.880 4.880
4.880 4.972
4.880 4.880
4.880 4.880
4.880 5.007
4.880 4.931
4.880 5.150
4.880 5.057
4.880 4.992
4.880 5.053
4.880 5.151
4.880 4.877
4.880 4.839
4.880 4.880
5.800 5.800
5.800 5.776
5.800 5.796
5.800 5.737
5.800 5.885
5.800 5.745
5.800 5.878
5.800 6.200
5.800 5.788
5.800 5.888
5.800 5.901
5.800 5.684
5.800 5.491
5.800 5.800
6.040 6.040
6.040 6.030
6.040 6.058
6.040 6.041
6.040 6.007
6.040 6.117
6.040 6.130
6.040 6.055
6.040 6.005
6.040 6.011
6.040 6.063
6.040 6.002
6.040 6.313
6.040 6.040
6.040 6.040
6.040 5.966
6.040 6.048
6.040 5.991
6.040 6.087
6.040 5.852
6.040 6.146
6.040 6.379
6.040 6.239
6.040 6.262
6.040 6.380
6.040 5.832
6.040 6.040
6.040 6.040
6.820 6.820
6.820 6.844
6.820 6.986
6.820 7.028
6.820 6.836
6.820 6.899
6.820 6.811
6.820 6.547
6.820 6.987
6.820 6.555
6.820 6.908
6.820 6.862
6.820 6.820
6.820 6.820
6.820 6.820
6.820 6.727
6.820 6.720
6.820 6.724
6.820 6.704
6.820 6.714
6.820 6.655
6.820 7.220
6.820 6.758
6.820 7.220
6.820 6.661
6.820 7.220
6.820 6.820
6.820 6.820
7.610 7.610
7.610 7.565
7.610 7.210
7.610 7.359
7.610 7.927
7.610 7.457
7.610 7.972
7.610 7.400
7.610 7.571
7.610 7.514
7.610 7.977
7.610 7.937
7.610 7.610
7.610 7.610
7.610 7.610
7.610 7.792
7.610 8.010
7.610 7.551
7.610 7.661
7.610 7.351
7.610 7.435
7.610 7.210
7.610 8.010
7.610 7.370
7.610 7.412
7.610 7.610
7.610 7.610
7.610 7.610
8.380 8.380
8.380 8.007
8.380 8.596
8.380 7.980
8.380 8.700
8.380 8.004
8.380 8.561
8.380 8.403
8.380 8.095
8.380 8.101
8.380 8.380
8.380 8.380
8.380 8.380
8.380 8.380
9.000 9.000
9.000 9.000
9.000 9.000
9.000 9.000
9.000 9.000
9.000 9.000
9.000 9.000
9.000 9.000
9.000 9.000
9.000 9.000
9.000 9.000
9.000 9.000
9.000 9.000
9.000 9.000
End the
S-wave at
0.170 0.170
0.170 0.170
0.170 0.170
0.170 0.170
0.170 0.170
0.170 0.170
0.170 0.170
0.170 0.170
0.170 0.170
0.170 0.170
0.170 0.170
0.170 0.170
0.170 0.170
0.170 0.170
2.860 2.860
2.860 2.860
2.860 2.860
2.860 2.860
2.860 2.879
2.860 2.880
2.860 3.011
2.860 3.060
2.860 2.924
2.860 2.913
2.860 2.904
2.860 2.738
2.860 2.660
2.860 2.860
3.400 3.400
3.400 3.400
3.400 3.441
3.400 3.456
3.400 3.410
3.400 3.401
3.400 3.520
3.400 3.581
3.400 3.431
3.400 3.348
3.400 3.542
3.400 3.515
3.400 3.600
3.400 3.400
3.551 3.551
3.551 3.615
3.551 3.611
3.551 3.597
3.551 3.603
3.551 3.485
3.551 3.672
3.551 3.600
3.551 3.658
3.551 3.560
3.551 3.639
3.551 3.482
3.551 3.462
3.551 3.551
3.551 3.551
3.551 3.584
3.551 3.610
3.551 3.629
3.551 3.606
3.551 3.391
3.551 3.672
3.551 3.751
3.551 3.617
3.551 3.693
3.551 3.676
3.551 3.632
3.551 3.551
3.551 3.551
3.979 3.979
3.979 3.982
3.979 4.024
3.979 4.049
3.979 4.016
3.979 4.049
3.979 4.061
3.979 3.812
3.979 4.120
3.979 3.846
3.979 4.051
3.979 3.871
3.979 3.948
3.979 3.979
3.979 3.979
3.979 3.969
3.979 4.039
3.979 4.074
3.979 4.011
3.979 4.179
3.979 4.080
3.979 4.179
3.979 4.179
3.979 4.037
3.979 4.179
3.979 4.057
3.979 3.979
3.979 3.979
4.450 4.450
4.450 4.387
4.450 4.345
4.450 4.347
4.450 4.465
4.450 4.650
4.450 4.531
4.450 4.341
4.450 4.404
4.450 4.595
4.450 4.636
4.450 4.423
4.450 4.450
4.450 4.450
4.450 4.450
4.450 4.440
4.450 4.450
4.450 4.250
4.450 4.515
4.450 4.503
4.450 4.450
4.450 4.450
4.450 4.416
4.450 4.380
4.450 4.450
4.450 4.450
4.450 4.450
4.450 4.450
4.901 4.901
4.901 4.900
4.901 4.900
4.901 4.900
4.901 4.874
4.901 4.845
4.901 4.875
4.901 4.900
4.901 4.900
4.901 4.900
4.901 4.900
4.901 4.900
4.901 4.900
4.901 4.901
5.199 5.199
5.199 5.199
5.199 5.199
5.199 5.199
5.199 5.199
5.199 5.199
5.199 5.199
5.199 5.199
5.199 5.199
5.199 5.199
5.199 5.199
5.199 5.199
5.199 5.199
5.199 5.199
S will
DWS P-wave.
0.0 0.0
0.0 0.0
0.0 0.0
0.0 0.0
0.0 0.0
0.0 0.0
0.0 0.0
0.0 0.0
0.0 0.0
0.0 0.0
0.0 0.0
0.0 0.0
0.0 0.0
0.0 0.0
0.0 0.0
0.0 10.9
0.0 3.7
0.0 4.9
0.0 32.5
0.0 4858.2
0.0 518.7
0.0 60.7
0.0 274.5
0.0 545.6
0.0 70.5
0.0 353.9
0.0 41.7
0.0 0.0
0.0 0.0
0.0 44.2
0.0 19.9
0.0 32.0
0.0 182.5
0.0 5640.6
0.0 3369.1
0.0 209.5
0.0 1098.4
0.0 840.6
0.0 327.1
0.0 1084.6
0.0 59.6
0.0 0.0
0.0 0.0
0.0 102.0
0.0 49.0
0.0 75.9
0.0 497.1
0.0 4033.3
0.0 8870.8
0.0 2937.6
0.0 1307.9
0.0 1213.8
0.0 1569.9
0.0 1466.5
0.0 28.9
0.0 0.0
0.0 0.0
0.0 140.5
0.0 85.4
0.0 103.5
0.0 673.5
0.0 1245.0
0.0 4957.6
0.0 2331.0
0.0 852.6
0.0 734.7
0.0 981.7
0.0 478.9
0.0 3.8
0.0 0.0
0.0 0.0
0.0 212.4
0.0 159.5
0.0 714.6
0.0 1660.8
0.0 1369.5
0.0 5613.6
0.0 2920.2
0.0 1509.9
0.0 695.2
0.0 842.4
0.0 421.2
0.0 6.5
0.0 0.0
0.0 0.0
0.0 324.9
0.0 163.3
0.0 342.7
0.0 198.4
0.0 559.7
0.0 1846.0
0.0 859.0
0.0 272.7
0.0 169.5
0.0 181.0
0.0 106.8
0.0 0.0
0.0 0.0
0.0 0.0
0.0 878.8
0.0 184.8
0.0 902.4
0.0 1234.7
0.0 903.7
0.0 1606.5
0.0 1733.8
0.0 1506.3
0.0 845.1
0.0 320.1
0.0 79.2
0.0 0.0
0.0 0.0
0.0 0.0
0.0 1407.7
0.0 392.5
0.0 291.2
0.0 462.6
0.0 159.8
0.0 34.4
0.0 83.7
0.0 447.4
0.0 160.2
0.0 13.4
0.0 2.1
0.0 0.0
0.0 0.0
0.0 0.0
0.0 289.2
0.0 602.0
0.0 409.4
0.0 580.6
0.0 644.4
0.0 645.1
0.0 597.7
0.0 241.0
0.0 52.7
0.0 1.2
0.0 0.0
0.0 0.0
0.0 0.0
0.0 0.0
0.0 0.0
0.0 0.0
0.0 0.0
0.0 0.0
0.0 0.0
0.0 0.0
0.0 0.0
0.0 0.0
0.0 0.0
0.0 0.0
0.0 0.0
0.0 0.0
0.0 0.0
DWS S-wave.
0.0 0.0
0.0 0.0
0.0 0.0
0.0 0.0
0.0 0.0
0.0 0.0
0.0 0.0
0.0 0.0
0.0 0.0
0.0 0.0
0.0 0.0
0.0 0.0
0.0 0.0
0.0 0.0
0.0 0.0
0.0 0.0
0.0 2.8
0.0 3.6
0.0 26.4
0.0 3746.3
0.0 366.8
0.0 40.4
0.0 197.2
0.0 398.3
0.0 49.1
0.0 246.9
0.0 24.1
0.0 0.0
0.0 0.0
0.0 0.7
0.0 8.9
0.0 16.0
0.0 140.9
0.0 4326.8
0.0 2624.6
0.0 140.4
0.0 743.8
0.0 570.1
0.0 273.6
0.0 795.0
0.0 37.3
0.0 0.0
0.0 0.0
0.0 1.0
0.0 17.4
0.0 41.1
0.0 410.9
0.0 3031.1
0.0 6916.4
0.0 2274.5
0.0 1131.2
0.0 1040.2
0.0 1372.1
0.0 1093.6
0.0 14.6
0.0 0.0
0.0 0.0
0.0 0.5
0.0 22.9
0.0 52.8
0.0 563.2
0.0 699.1
0.0 3263.7
0.0 1732.0
0.0 615.8
0.0 564.3
0.0 611.6
0.0 330.5
0.0 1.8
0.0 0.0
0.0 0.0
0.0 0.0
0.0 27.4
0.0 494.0
0.0 1247.9
0.0 725.0
0.0 2945.1
0.0 1676.3
0.0 1093.2
0.0 470.2
0.0 450.8
0.0 177.2
0.0 5.5
0.0 0.0
0.0 0.0
0.0 0.0
0.0 30.6
0.0 99.6
0.0 82.4
0.0 96.2
0.0 222.2
0.0 470.0
0.0 178.0
0.0 52.1
0.0 42.7
0.0 25.2
0.0 0.0
0.0 0.0
0.0 0.0
0.0 0.0
0.0 50.9
0.0 272.2
0.0 260.2
0.0 96.5
0.0 65.8
0.0 129.2
0.0 138.1
0.0 123.9
0.0 54.6
0.0 31.4
0.0 0.0
0.0 0.0
0.0 0.0
0.0 0.0
0.0 0.0
0.0 6.4
0.0 23.1
0.0 27.8
0.0 5.1
0.0 6.1
0.0 11.7
0.0 5.8
0.0 0.5
0.0 0.0
0.0 0.0
0.0 0.0
0.0 0.0
0.0 0.0
0.0 0.0
0.0 10.0
0.0 36.7
0.0 35.8
0.0 8.8
0.0 15.7
0.0 12.9
0.0 2.8
0.0 0.0
0.0 0.0
0.0 0.0
0.0 0.0
0.0 0.0
0.0 0.0
0.0 0.0
0.0 0.0
0.0 0.0
0.0 0.0
0.0 0.0
0.0 0.0
0.0 0.0
0.0 0.0
0.0 0.0
0.0 0.0
0.0 0.0
0.0 0.0
End the
new_loc+new_npari: 
P-wave at
0.300 0.300
0.300 0.300
0.300 0.300
0.300 0.300
0.300 0.300
0.300 0.300
0.300 0.300
0.300 0.300
0.300 0.300
0.300 0.300
0.300 0.300
0.300 0.300
0.300 0.300
0.300 0.300
4.880 4.880
4.880 4.911
4.880 4.880
4.880 4.880
4.880 5.080
4.880 4.945
4.880 5.177
4.880 5.032
4.880 4.970
4.880 5.105
4.880 5.079
4.880 4.947
4.880 4.990
4.880 4.880
5.800 5.800
5.800 5.695
5.800 5.757
5.800 5.672
5.800 5.929
5.800 5.679
5.800 6.052
5.800 6.384
5.800 5.825
5.800 5.934
5.800 5.905
5.800 5.679
5.800 5.705
5.800 5.800
6.040 6.040
6.040 5.979
6.040 6.035
6.040 6.050
6.040 6.028
6.040 6.027
6.040 6.090
6.040 6.009
6.040 6.133
6.040 5.971
6.040 6.053
6.040 5.981
6.040 6.110
6.040 6.040
6.040 6.040
6.040 5.958
6.040 6.105
6.040 6.097
6.040 6.171
6.040 5.876
6.040 6.441
6.040 6.159
6.040 6.321
6.040 6.261
6.040 6.390
6.040 5.898
6.040 6.040
6.040 6.040
6.820 6.820
6.820 6.895
6.820 7.088
6.820 7.036
6.820 6.775
6.820 6.879
6.820 6.673
6.820 6.583
6.820 6.958
6.820 6.472
6.820 6.829
6.820 6.897
6.820 6.820
6.820 6.820
6.820 6.820
6.820 6.714
6.820 6.593
6.820 6.695
6.820 6.646
6.820 7.114
6.820 6.654
6.820 7.100
6.820 6.792
6.820 7.385
6.820 6.747
6.820 7.569
6.820 6.820
6.820 6.820
7.610 7.610
7.610 7.531
7.610 7.334
7.610 7.227
7.610 7.966
7.610 7.359
7.610 7.971
7.610 7.334
7.610 7.595
7.610 7.535
7.610 8.040
7.610 7.998
7.610 7.610
7.610 7.610
7.610 7.610
7.610 7.743
7.610 8.342
7.610 7.652
7.610 7.576
7.610 7.316
7.610 7.530
7.610 6.810
7.610 8.011
7.610 7.621
7.610 7.720
7.610 7.610
7.610 7.610
7.610 7.610
8.380 8.380
8.380 8.139
8.380 8.405
8.380 7.987
8.380 8.556
8.380 8.020
8.380 8.620
8.380 8.438
8.380 8.006
8.380 8.177
8.380 8.380
8.380 8.380
8.380 8.380
8.380 8.380
9.000 9.000
9.000 9.000
9.000 9.000
9.000 9.000
9.000 9.000
9.000 9.000
9.000 9.000
9.000 9.000
9.000 9.000
9.000 9.000
9.000 9.000
9.000 9.000
9.000 9.000
9.000 9.000
End the
S-wave at
0.170 0.170
0.170 0.170
0.170 0.170
0.170 0.170
0.170 0.170
0.170 0.170
0.170 0.170
0.170 0.170
0.170 0.170
0.170 0.170
0.170 0.170
0.170 0.170
0.170 0.170
0.170 0.170
2.860 2.860
2.860 2.860
2.860 2.860
2.860 2.871
2.860 2.888
2.860 2.882
2.860 3.070
2.860 3.044
2.860 2.848
2.860 2.939
2.860 2.887
2.860 2.702
2.860 2.623
2.860 2.860
3.400 3.400
3.400 3.400
3.400 3.437
3.400 3.473
3.400 3.415
3.400 3.388
3.400 3.525
3.400 3.703
3.400 3.447
3.400 3.321
3.400 3.521
3.400 3.544
3.400 3.678
3.400 3.400
3.551 3.551
3.551 3.615
3.551 3.606
3.551 3.604
3.551 3.601
3.551 3.409
3.551 3.695
3.551 3.541
3.551 3.744
3.551 3.545
3.551 3.659
3.551 3.429
3.551 3.433
3.551 3.551
3.551 3.551
3.551 3.584
3.551 3.579
3.551 3.604
3.551 3.605
3.551 3.561
3.551 3.680
3.551 3.781
3.551 3.677
3.551 3.659
3.551 3.707
3.551 3.660
3.551 3.551
3.551 3.551
3.979 3.979
3.979 3.982
3.979 4.011
3.979 4.004
3.979 4.020
3.979 3.953
3.979 4.055
3.979 3.734
3.979 4.185
3.979 3.777
3.979 4.116
3.979 3.910
3.979 3.973
3.979 3.979
3.979 3.979
3.979 3.969
3.979 4.181
3.979 4.170
3.979 4.131
3.979 4.115
3.979 3.991
3.979 4.265
3.979 4.190
3.979 4.014
3.979 4.031
3.979 3.972
3.979 3.979
3.979 3.979
4.450 4.450
4.450 4.387
4.450 4.311
4.450 4.309
4.450 4.456
4.450 4.665
4.450 4.629
4.450 4.158
4.450 4.492
4.450 4.604
4.450 4.598
4.450 4.395
4.450 4.450
4.450 4.450
4.450 4.450
4.450 4.440
4.450 4.450
4.450 4.351
4.450 4.586
4.450 4.516
4.450 4.470
4.450 4.435
4.450 4.528
4.450 4.441
4.450 4.450
4.450 4.450
4.450 4.450
4.450 4.450
4.901 4.901
4.901 4.900
4.901 4.900
4.901 4.900
4.901 4.867
4.901 4.768
4.901 4.833
4.901 4.898
4.901 4.900
4.901 4.900
4.901 4.900
4.901 4.900
4.901 4.900
4.901 4.901
5.199 5.199
5.199 5.199
5.199 5.199
5.199 5.199
5.199 5.199
5.199 5.199
5.199 5.199
5.199 5.199
5.199 5.199
5.199 5.199
5.199 5.199
5.199 5.199
5.199 5.199
5.199 5.199
S will
DWS P-wave.
0.0 0.0
0.0 0.0
0.0 0.0
0.0 0.0
0.0 0.0
0.0 0.0
0.0 0.0
0.0 0.0
0.0 0.0
0.0 0.0
0.0 0.0
0.0 0.0
0.0 0.0
0.0 0.0
0.0 0.0
0.0 13.8
0.0 3.8
0.0 4.8
0.0 35.2
0.0 4965.2
0.0 545.6
0.0 62.7
0.0 272.3
0.0 533.7
0.0 70.1
0.0 383.4
0.0 45.4
0.0 0.0
0.0 0.0
0.0 52.4
0.0 20.0
0.0 28.0
0.0 186.7
0.0 5586.9
0.0 3594.0
0.0 324.8
0.0 1115.1
0.0 820.0
0.0 307.1
0.0 1054.1
0.0 60.8
0.0 0.0
0.0 0.0
0.0 114.0
0.0 53.4
0.0 71.8
0.0 510.3
0.0 3879.0
0.0 8335.9
0.0 2773.4
0.0 1360.7
0.0 1217.2
0.0 1338.1
0.0 1403.2
0.0 30.0
0.0 0.0
0.0 0.0
0.0 158.7
0.0 95.5
0.0 105.7
0.0 721.0
0.0 1796.4
0.0 7161.7
0.0 2946.0
0.0 807.6
0.0 809.1
0.0 1229.9
0.0 560.3
0.0 5.2
0.0 0.0
0.0 0.0
0.0 240.5
0.0 182.3
0.0 732.7
0.0 1615.8
0.0 1138.7
0.0 4659.8
0.0 2617.2
0.0 1482.4
0.0 623.9
0.0 763.3
0.0 430.3
0.0 3.0
0.0 0.0
0.0 0.0
0.0 372.4
0.0 176.2
0.0 353.9
0.0 189.5
0.0 632.4
0.0 1791.6
0.0 865.4
0.0 278.0
0.0 200.7
0.0 221.6
0.0 154.9
0.0 2.3
0.0 0.0
0.0 0.0
0.0 1057.8
0.0 203.1
0.0 909.7
0.0 1276.8
0.0 888.5
0.0 1615.8
0.0 1693.7
0.0 1592.7
0.0 961.6
0.0 392.9
0.0 79.1
0.0 0.0
0.0 0.0
0.0 0.0
0.0 1693.3
0.0 730.9
0.0 410.6
0.0 434.7
0.0 111.7
0.0 26.4
0.0 28.5
0.0 374.7
0.0 185.9
0.0 19.9
0.0 0.7
0.0 0.0
0.0 0.0
0.0 0.0
0.0 330.5
0.0 625.4
0.0 588.3
0.0 730.5
0.0 774.2
0.0 803.7
0.0 716.4
0.0 331.3
0.0 80.4
0.0 3.4
0.0 0.0
0.0 0.0
0.0 0.0
0.0 0.0
0.0 0.0
0.0 0.0
0.0 0.0
0.0 0.0
0.0 0.0
0.0 0.0
0.0 0.0
0.0 0.0
0.0 0.0
0.0 0.0
0.0 0.0
0.0 0.0
0.0 0.0
DWS S-wave.
0.0 0.0
0.0 0.0
0.0 0.0
0.0 0.0
0.0 0.0
0.0 0.0
0.0 0.0
0.0 0.0
0.0 0.0
0.0 0.0
0.0 0.0
0.0 0.0
0.0 0.0
0.0 0.0
0.0 0.0
0.0 0.0
0.0 2.7
0.0 3.5
0.0 26.1
0.0 3836.9
0.0 389.3
0.0 41.3
0.0 185.1
0.0 393.9
0.0 49.3
0.0 305.5
0.0 30.1
0.0 0.0
0.0 0.0
0.0 0.3
0.0 8.1
0.0 15.5
0.0 137.5
0.0 4271.1
0.0 2689.9
0.0 146.9
0.0 715.9
0.0 533.5
0.0 251.7
0.0 890.1
0.0 40.2
0.0 0.0
0.0 0.0
0.0 0.5
0.0 15.2
0.0 40.3
0.0 389.0
0.0 2857.1
0.0 6682.9
0.0 2216.6
0.0 1115.2
0.0 1049.9
0.0 1265.1
0.0 1114.3
0.0 15.6
0.0 0.0
0.0 0.0
0.0 0.2
0.0 19.2
0.0 49.2
0.0 555.5
0.0 995.4
0.0 3913.7
0.0 1943.5
0.0 630.4
0.0 571.6
0.0 774.5
0.0 451.0
0.0 1.0
0.0 0.0
0.0 0.0
0.0 0.0
0.0 23.6
0.0 464.5
0.0 1240.7
0.0 565.0
0.0 2409.1
0.0 1450.8
0.0 1057.1
0.0 433.4
0.0 494.5
0.0 201.3
0.0 5.7
0.0 0.0
0.0 0.0
0.0 0.0
0.0 27.6
0.0 126.0
0.0 173.5
0.0 97.8
0.0 181.2
0.0 385.9
0.0 155.6
0.0 44.7
0.0 24.3
0.0 21.0
0.0 0.0
0.0 0.0
0.0 0.0
0.0 0.0
0.0 35.6
0.0 216.4
0.0 209.9
0.0 93.4
0.0 60.9
0.0 103.5
0.0 157.1
0.0 149.3
0.0 62.6
0.0 34.9
0.0 0.0
0.0 0.0
0.0 0.0
0.0 0.0
0.0 0.0
0.0 22.0
0.0 48.5
0.0 25.9
0.0 2.6
0.0 2.1
0.0 16.8
0.0 4.2
0.0 0.1
0.0 0.6
0.0 0.0
0.0 0.0
0.0 0.0
0.0 0.0
0.0 0.0
0.0 0.0
0.0 9.9
0.0 27.9
0.0 3.9
0.0 2.8
0.0 2.9
0.0 0.5
0.0 0.0
0.0 0.0
0.0 0.0
0.0 0.0
0.0 0.0
0.0 0.0
0.0 0.0
0.0 0.0
0.0 0.0
0.0 0.0
0.0 0.0
0.0 0.0
0.0 0.0
0.0 0.0
0.0 0.0
0.0 0.0
0.0 0.0
0.0 0.0
End the
new_loc+new_npari: 
P-wave at
0.300 0.300
0.300 0.300
0.300 0.300
0.300 0.300
0.300 0.300
0.300 0.300
0.300 0.300
0.300 0.300
0.300 0.300
0.300 0.300
0.300 0.300
0.300 0.300
0.300 0.300
0.300 0.300
4.880 4.880
4.880 4.867
4.880 4.880
4.880 4.880
4.880 5.111
4.880 4.972
4.880 5.158
4.880 5.058
4.880 5.039
4.880 5.159
4.880 5.055
4.880 4.909
4.880 4.849
4.880 4.880
5.800 5.800
5.800 5.698
5.800 5.787
5.800 5.679
5.800 5.934
5.800 5.662
5.800 5.997
5.800 6.292
5.800 5.852
5.800 5.968
5.800 5.861
5.800 5.671
5.800 6.000
5.800 5.800
6.040 6.040
6.040 5.991
6.040 6.019
6.040 6.045
6.040 5.969
6.040 5.999
6.040 6.119
6.040 6.002
6.040 6.160
6.040 5.942
6.040 6.066
6.040 5.964
6.040 6.243
6.040 6.040
6.040 6.040
6.040 5.965
6.040 6.092
6.040 6.163
6.040 6.172
6.040 5.878
6.040 6.425
6.040 6.103
6.040 6.300
6.040 6.214
6.040 6.393
6.040 5.934
6.040 6.040
6.040 6.040
6.820 6.820
6.820 6.856
6.820 7.062
6.820 7.053
6.820 6.771
6.820 6.861
6.820 6.702
6.820 6.591
6.820 6.975
6.820 6.500
6.820 6.799
6.820 6.908
6.820 6.820
6.820 6.820
6.820 6.820
6.820 6.750
6.820 6.505
6.820 6.688
6.820 6.496
6.820 7.155
6.820 6.674
6.820 7.129
6.820 6.838
6.820 7.247
6.820 6.690
6.820 7.618
6.820 6.820
6.820 6.820
7.610 7.610
7.610 7.620
7.610 7.329
7.610 7.196
7.610 7.998
7.610 7.323
7.610 7.969
7.610 7.302
7.610 7.616
7.610 7.587
7.610 8.100
7.610 7.966
7.610 7.610
7.610 7.610
7.610 7.610
7.610 7.772
7.610 8.324
7.610 7.594
7.610 7.493
7.610 7.037
7.610 7.398
7.610 6.942
7.610 8.075
7.610 7.687
7.610 7.765
7.610 7.610
7.610 7.610
7.610 7.610
8.380 8.380
8.380 8.127
8.380 8.483
8.380 7.826
8.380 8.543
8.380 8.025
8.380 8.557
8.380 8.441
8.380 8.080
8.380 8.263
8.380 8.380
8.380 8.380
8.380 8.380
8.380 8.380
9.000 9.000
9.000 9.000
9.000 9.000
9.000 9.000
9.000 9.000
9.000 9.000
9.000 9.000
9.000 9.000
9.000 9.000
9.000 9.000
9.000 9.000
9.000 9.000
9.000 9.000
9.000 9.000
End the
S-wave at
0.170 0.170
0.170 0.170
0.170 0.170
0.170 0.170
0.170 0.170
0.170 0.170
0.170 0.170
0.170 0.170
0.170 0.170
0.170 0.170
0.170 0.170
0.170 0.170
0.170 0.170
0.170 0.170
2.860 2.860
2.860 2.860
2.860 2.860
2.860 2.875
2.860 2.899
2.860 2.893
2.860 3.120
2.860 3.054
2.860 2.871
2.860 2.964
2.860 2.877
2.860 2.694
2.860 2.623
2.860 2.860
3.400 3.400
3.400 3.400
3.400 3.436
3.400 3.477
3.400 3.425
3.400 3.385
3.400 3.507
3.400 3.615
3.400 3.438
3.400 3.324
3.400 3.455
3.400 3.548
3.400 3.723
3.400 3.400
3.551 3.551
3.551 3.615
3.551 3.605
3.551 3.595
3.551 3.602
3.551 3.382
3.551 3.718
3.551 3.509
3.551 3.783
3.551 3.527
3.551 3.680
3.551 3.411
3.551 3.422
3.551 3.551
3.551 3.551
3.551 3.584
3.551 3.567
3.551 3.565
3.551 3.612
3.551 3.611
3.551 3.674
3.551 3.770
3.551 3.668
3.551 3.653
3.551 3.714
3.551 3.657
3.551 3.551
3.551 3.551
3.979 3.979
3.979 3.982
3.979 4.006
3.979 3.978
3.979 4.017
3.979 3.864
3.979 4.078
3.979 3.700
3.979 4.204
3.979 3.758
3.979 4.106
3.979 3.899
3.979 4.018
3.979 3.979
3.979 3.979
3.979 3.969
3.979 4.193
3.979 4.192
3.979 4.164
3.979 4.134
3.979 3.954
3.979 4.224
3.979 4.279
3.979 4.027
3.979 3.997
3.979 3.997
3.979 3.979
3.979 3.979
4.450 4.450
4.450 4.387
4.450 4.276
4.450 4.277
4.450 4.421
4.450 4.651
4.450 4.739
4.450 4.146
4.450 4.528
4.450 4.612
4.450 4.550
4.450 4.370
4.450 4.450
4.450 4.450
4.450 4.450
4.450 4.440
4.450 4.450
4.450 4.375
4.450 4.710
4.450 4.469
4.450 4.470
4.450 4.435
4.450 4.589
4.450 4.508
4.450 4.450
4.450 4.450
4.450 4.450
4.450 4.450
4.901 4.901
4.901 4.900
4.901 4.900
4.901 4.900
4.901 4.896
4.901 4.749
4.901 4.806
4.901 4.898
4.901 4.900
4.901 4.900
4.901 4.900
4.901 4.900
4.901 4.900
4.901 4.901
5.199 5.199
5.199 5.199
5.199 5.199
5.199 5.199
5.199 5.199
5.199 5.199
5.199 5.199
5.199 5.199
5.199 5.199
5.199 5.199
5.199 5.199
5.199 5.199
5.199 5.199
5.199 5.199
S will
S will
S will
DWS P-wave.
0.0 0.0
0.0 0.0
0.0 0.0
0.0 0.0
0.0 0.0
0.0 0.0
0.0 0.0
0.0 0.0
0.0 0.0
0.0 0.0
0.0 0.0
0.0 0.0
0.0 0.0
0.0 0.0
0.0 0.0
0.0 1.4
0.0 0.4
0.0 0.6
0.0 3.8
0.0 980.7
0.0 1670.5
0.0 55.8
0.0 729.1
0.0 162.1
0.0 13.0
0.0 133.3
0.0 30.7
0.0 0.0
0.0 0.0
0.0 4.3
0.0 1.8
0.0 3.1
0.0 20.1
0.0 2624.5
0.0 7295.7
0.0 285.0
0.0 1651.1
0.0 406.4
0.0 66.7
0.0 264.8
0.0 33.6
0.0 0.0
0.0 0.0
0.0 10.2
0.0 5.0
0.0 7.0
0.0 49.0
0.0 5755.3
0.0 20483.7
0.0 7288.0
0.0 1749.0
0.0 828.8
0.0 412.0
0.0 291.9
0.0 20.2
0.0 0.0
0.0 0.0
0.0 13.9
0.0 9.1
0.0 10.3
0.0 70.1
0.0 4593.9
0.0 22510.3
0.0 7738.2
0.0 771.5
0.0 555.6
0.0 369.3
0.0 232.2
0.0 0.6
0.0 0.0
0.0 0.0
0.0 20.7
0.0 17.8
0.0 70.9
0.0 156.5
0.0 2866.5
0.0 16233.2
0.0 8768.0
0.0 1898.8
0.0 449.7
0.0 287.0
0.0 126.8
0.0 0.3
0.0 0.0
0.0 0.0
0.0 32.4
0.0 16.5
0.0 34.7
0.0 17.2
0.0 70.1
0.0 307.7
0.0 379.3
0.0 186.5
0.0 29.9
0.0 22.3
0.0 23.1
0.0 0.3
0.0 0.0
0.0 0.0
0.0 100.0
0.0 18.5
0.0 85.2
0.0 124.1
0.0 87.6
0.0 173.7
0.0 389.8
0.0 232.4
0.0 112.0
0.0 43.3
0.0 7.6
0.0 0.0
0.0 0.0
0.0 0.0
0.0 148.4
0.0 83.2
0.0 36.7
0.0 37.4
0.0 7.9
0.0 3.2
0.0 5.9
0.0 41.6
0.0 25.8
0.0 1.6
0.0 0.1
0.0 0.0
0.0 0.0
0.0 0.0
0.0 21.2
0.0 54.8
0.0 55.8
0.0 73.1
0.0 78.7
0.0 86.9
0.0 81.0
0.0 39.7
0.0 9.9
0.0 0.4
0.0 0.0
0.0 0.0
0.0 0.0
0.0 0.0
0.0 0.0
0.0 0.0
0.0 0.0
0.0 0.0
0.0 0.0
0.0 0.0
0.0 0.0
0.0 0.0
0.0 0.0
0.0 0.0
0.0 0.0
0.0 0.0
0.0 0.0
DWS S-wave.
0.0 0.0
0.0 0.0
0.0 0.0
0.0 0.0
0.0 0.0
0.0 0.0
0.0 0.0
0.0 0.0
0.0 0.0
0.0 0.0
0.0 0.0
0.0 0.0
0.0 0.0
0.0 0.0
0.0 0.0
0.0 0.0
0.0 0.3
0.0 0.4
0.0 2.7
0.0 883.4
0.0 1228.5
0.0 40.4
0.0 482.0
0.0 105.9
0.0 8.4
0.0 92.7
0.0 21.0
0.0 0.0
0.0 0.0
0.0 0.0
0.0 0.8
0.0 1.6
0.0 14.2
0.0 2031.5
0.0 5513.8
0.0 174.9
0.0 987.3
0.0 194.6
0.0 45.3
0.0 204.0
0.0 24.1
0.0 0.0
0.0 0.0
0.0 0.1
0.0 1.6
0.0 4.0
0.0 38.9
0.0 4068.5
0.0 14734.2
0.0 4187.4
0.0 1151.4
0.0 539.5
0.0 351.6
0.0 227.2
0.0 12.3
0.0 0.0
0.0 0.0
0.0 0.1
0.0 2.1
0.0 4.8
0.0 56.7
0.0 2629.2
0.0 12954.0
0.0 4667.9
0.0 679.1
0.0 431.6
0.0 294.8
0.0 154.5
0.0 0.1
0.0 0.0
0.0 0.0
0.0 0.0
0.0 2.9
0.0 45.7
0.0 121.4
0.0 1729.0
0.0 10798.5
0.0 5292.5
0.0 1285.5
0.0 344.4
0.0 158.9
0.0 69.8
0.0 0.6
0.0 0.0
0.0 0.0
0.0 0.0
0.0 3.5
0.0 15.3
0.0 21.5
0.0 16.3
0.0 118.1
0.0 158.6
0.0 140.9
0.0 6.6
0.0 4.1
0.0 5.5
0.0 0.0
0.0 0.0
0.0 0.0
0.0 0.0
0.0 3.9
0.0 21.7
0.0 18.4
0.0 10.8
0.0 20.2
0.0 87.5
0.0 52.8
0.0 18.4
0.0 8.1
0.0 3.6
0.0 0.0
0.0 0.0
0.0 0.0
0.0 0.0
0.0 0.0
0.0 4.6
0.0 10.0
0.0 4.1
0.0 0.3
0.0 2.7
0.0 5.1
0.0 3.1
0.0 0.0
0.0 0.1
0.0 0.0
0.0 0.0
0.0 0.0
0.0 0.0
0.0 0.0
0.0 0.0
0.0 1.1
0.0 2.5
0.0 0.8
0.0 2.5
0.0 2.4
0.0 0.3
0.0 0.0
0.0 0.0
0.0 0.0
0.0 0.0
0.0 0.0
0.0 0.0
0.0 0.0
0.0 0.0
0.0 0.0
0.0 0.0
0.0 0.0
0.0 0.0
0.0 0.0
0.0 0.0
0.0 0.0
0.0 0.0
0.0 0.0
0.0 0.0
End the
new_loc+new_npari: 
DWS P-wave.
0.0 0.0
0.0 0.0
0.0 0.0
0.0 0.0
0.0 0.0
0.0 0.0
0.0 0.0
0.0 0.0
0.0 0.0
0.0 0.0
0.0 0.0
0.0 0.0
0.0 0.0
0.0 0.0
0.0 0.0
0.0 1.4
0.0 0.4
0.0 0.6
0.0 3.8
0.0 979.9
0.0 1666.6
0.0 54.4
0.0 727.1
0.0 162.0
0.0 12.9
0.0 133.0
0.0 30.6
0.0 0.0
0.0 0.0
0.0 4.3
0.0 1.8
0.0 3.1
0.0 20.1
0.0 2622.0
0.0 7272.7
0.0 282.8
0.0 1648.3
0.0 406.2
0.0 66.6
0.0 264.2
0.0 33.5
0.0 0.0
0.0 0.0
0.0 10.1
0.0 5.0
0.0 7.0
0.0 49.0
0.0 5735.4
0.0 20394.5
0.0 7246.7
0.0 1745.2
0.0 828.2
0.0 411.3
0.0 291.2
0.0 20.1
0.0 0.0
0.0 0.0
0.0 13.8
0.0 9.1
0.0 10.3
0.0 70.1
0.0 4579.3
0.0 22428.7
0.0 7706.1
0.0 767.7
0.0 554.7
0.0 368.2
0.0 231.4
0.0 0.6
0.0 0.0
0.0 0.0
0.0 20.6
0.0 17.8
0.0 70.8
0.0 156.4
0.0 2857.8
0.0 16179.2
0.0 8741.5
0.0 1895.2
0.0 447.0
0.0 286.1
0.0 126.4
0.0 0.3
0.0 0.0
0.0 0.0
0.0 32.3
0.0 16.5
0.0 34.7
0.0 17.2
0.0 69.9
0.0 306.7
0.0 377.5
0.0 186.0
0.0 29.5
0.0 22.3
0.0 23.0
0.0 0.3
0.0 0.0
0.0 0.0
0.0 99.5
0.0 18.4
0.0 85.0
0.0 123.9
0.0 87.4
0.0 173.1
0.0 389.2
0.0 232.1
0.0 111.8
0.0 43.1
0.0 7.5
0.0 0.0
0.0 0.0
0.0 0.0
0.0 147.6
0.0 83.0
0.0 36.5
0.0 37.4
0.0 7.9
0.0 3.2
0.0 5.9
0.0 41.5
0.0 25.7
0.0 1.6
0.0 0.1
0.0 0.0
0.0 0.0
0.0 0.0
0.0 20.8
0.0 54.3
0.0 55.2
0.0 72.7
0.0 78.3
0.0 86.5
0.0 80.8
0.0 39.7
0.0 9.9
0.0 0.4
0.0 0.0
0.0 0.0
0.0 0.0
0.0 0.0
0.0 0.0
0.0 0.0
0.0 0.0
0.0 0.0
0.0 0.0
0.0 0.0
0.0 0.0
0.0 0.0
0.0 0.0
0.0 0.0
0.0 0.0
0.0 0.0
0.0 0.0
DWS S-wave.
0.0 0.0
0.0 0.0
0.0 0.0
0.0 0.0
0.0 0.0
0.0 0.0
0.0 0.0
0.0 0.0
0.0 0.0
0.0 0.0
0.0 0.0
0.0 0.0
0.0 0.0
0.0 0.0
0.0 0.0
0.0 0.0
0.0 0.3
0.0 0.4
0.0 2.7
0.0 882.1
0.0 1226.9
0.0 40.1
0.0 480.6
0.0 105.6
0.0 8.4
0.0 92.3
0.0 20.9
0.0 0.0
0.0 0.0
0.0 0.0
0.0 0.8
0.0 1.6
0.0 14.2
0.0 2028.7
0.0 5500.9
0.0 173.9
0.0 983.9
0.0 194.1
0.0 45.1
0.0 203.1
0.0 24.0
0.0 0.0
0.0 0.0
0.0 0.1
0.0 1.6
0.0 4.0
0.0 38.9
0.0 4053.3
0.0 14669.8
0.0 4174.6
0.0 1148.4
0.0 538.1
0.0 350.2
0.0 226.4
0.0 12.3
0.0 0.0
0.0 0.0
0.0 0.1
0.0 2.1
0.0 4.8
0.0 56.7
0.0 2609.8
0.0 12886.3
0.0 4655.6
0.0 676.7
0.0 430.2
0.0 293.9
0.0 153.7
0.0 0.1
0.0 0.0
0.0 0.0
0.0 0.0
0.0 2.9
0.0 45.7
0.0 121.4
0.0 1714.2
0.0 10738.6
0.0 5279.2
0.0 1282.1
0.0 341.9
0.0 158.0
0.0 69.5
0.0 0.6
0.0 0.0
0.0 0.0
0.0 0.0
0.0 3.5
0.0 15.3
0.0 21.5
0.0 16.3
0.0 117.6
0.0 157.7
0.0 140.1
0.0 6.3
0.0 4.1
0.0 5.5
0.0 0.0
0.0 0.0
0.0 0.0
0.0 0.0
0.0 3.9
0.0 21.7
0.0 18.3
0.0 10.8
0.0 20.1
0.0 86.8
0.0 52.3
0.0 18.2
0.0 8.1
0.0 3.6
0.0 0.0
0.0 0.0
0.0 0.0
0.0 0.0
0.0 0.0
0.0 4.6
0.0 10.0
0.0 4.1
0.0 0.3
0.0 2.6
0.0 5.0
0.0 3.0
0.0 0.0
0.0 0.1
0.0 0.0
0.0 0.0
0.0 0.0
0.0 0.0
0.0 0.0
0.0 0.0
0.0 1.1
0.0 2.5
0.0 0.8
0.0 2.5
0.0 2.4
0.0 0.3
0.0 0.0
0.0 0.0
0.0 0.0
0.0 0.0
0.0 0.0
0.0 0.0
0.0 0.0
0.0 0.0
0.0 0.0
0.0 0.0
0.0 0.0
0.0 0.0
0.0 0.0
0.0 0.0
0.0 0.0
0.0 0.0
0.0 0.0
0.0 0.0
End the
new_loc+new_npari: 
P-wave at
0.300 0.300
0.300 0.300
0.300 0.300
0.300 0.300
0.300 0.300
0.300 0.300
0.300 0.300
0.300 0.300
0.300 0.300
0.300 0.300
0.300 0.300
0.300 0.300
0.300 0.300
0.300 0.300
4.880 4.880
4.880 4.867
4.880 4.880
4.880 4.880
4.880 5.111
4.880 5.277
4.880 5.145
4.880 5.238
4.880 5.014
4.880 4.975
4.880 5.038
4.880 4.784
4.880 4.804
4.880 4.880
5.800 5.800
5.800 5.698
5.800 5.787
5.800 5.679
5.800 5.810
5.800 5.322
5.800 6.204
5.800 6.462
5.800 5.933
5.800 5.691
5.800 5.998
5.800 5.926
5.800 6.032
5.800 5.800
6.040 6.040
6.040 6.013
6.040 6.019
6.040 6.045
6.040 5.988
6.040 5.889
6.040 6.134
6.040 5.979
6.040 6.219
6.040 6.023
6.040 6.239
6.040 5.901
6.040 6.278
6.040 6.040
6.040 6.040
6.040 5.983
6.040 6.092
6.040 6.146
6.040 6.140
6.040 5.802
6.040 6.489
6.040 6.045
6.040 6.185
6.040 6.519
6.040 6.349
6.040 5.922
6.040 6.040
6.040 6.040
6.820 6.820
6.820 6.873
6.820 7.088
6.820 7.053
6.820 6.713
6.820 6.741
6.820 6.721
6.820 6.646
6.820 6.891
6.820 6.309
6.820 6.586
6.820 6.937
6.820 6.820
6.820 6.820
6.820 6.820
6.820 6.759
6.820 6.513
6.820 6.658
6.820 6.438
6.820 7.024
6.820 6.791
6.820 7.431
6.820 6.511
6.820 7.132
6.820 6.653
6.820 7.639
6.820 6.820
6.820 6.820
7.610 7.610
7.610 7.622
7.610 7.328
7.610 7.177
7.610 7.901
7.610 7.281
7.610 7.841
7.610 7.245
7.610 7.356
7.610 7.694
7.610 8.009
7.610 7.966
7.610 7.610
7.610 7.610
7.610 7.610
7.610 7.768
7.610 8.329
7.610 7.585
7.610 7.516
7.610 7.037
7.610 7.398
7.610 6.942
7.610 8.049
7.610 7.363
7.610 7.765
7.610 7.610
7.610 7.610
7.610 7.610
8.380 8.380
8.380 8.127
8.380 8.494
8.380 7.830
8.380 8.519
8.380 8.023
8.380 8.476
8.380 8.397
8.380 8.150
8.380 8.263
8.380 8.380
8.380 8.380
8.380 8.380
8.380 8.380
9.000 9.000
9.000 9.000
9.000 9.000
9.000 9.000
9.000 9.000
9.000 9.000
9.000 9.000
9.000 9.000
9.000 9.000
9.000 9.000
9.000 9.000
9.000 9.000
9.000 9.000
9.000 9.000
End the
S-wave at
0.170 0.170
0.170 0.170
0.170 0.170
0.170 0.170
0.170 0.170
0.170 0.170
0.170 0.170
0.170 0.170
0.170 0.170
0.170 0.170
0.170 0.170
0.170 0.170
0.170 0.170
0.170 0.170
2.860 2.860
2.860 2.860
2.860 2.860
2.860 2.875
2.860 2.899
2.860 2.933
2.860 3.320
2.860 3.171
2.860 2.912
2.860 2.840
2.860 2.793
2.860 2.702
2.860 2.655
2.860 2.860
3.400 3.400
3.400 3.400
3.400 3.436
3.400 3.477
3.400 3.404
3.400 3.352
3.400 3.487
3.400 3.814
3.400 3.440
3.400 3.176
3.400 3.338
3.400 3.590
3.400 3.923
3.400 3.400
3.551 3.551
3.551 3.615
3.551 3.605
3.551 3.595
3.551 3.585
3.551 3.329
3.551 3.744
3.551 3.440
3.551 3.846
3.551 3.587
3.551 3.711
3.551 3.447
3.551 3.372
3.551 3.551
3.551 3.551
3.551 3.584
3.551 3.567
3.551 3.563
3.551 3.598
3.551 3.539
3.551 3.722
3.551 3.692
3.551 3.636
3.551 3.768
3.551 3.706
3.551 3.569
3.551 3.551
3.551 3.551
3.979 3.979
3.979 3.982
3.979 4.006
3.979 3.977
3.979 4.005
3.979 3.696
3.979 4.100
3.979 3.642
3.979 4.180
3.979 3.639
3.979 4.145
3.979 3.850
3.979 4.018
3.979 3.979
3.979 3.979
3.979 3.969
3.979 4.182
3.979 4.182
3.979 4.136
3.979 4.103
3.979 3.896
3.979 4.137
3.979 4.294
3.979 3.999
3.979 4.009
3.979 3.925
3.979 3.979
3.979 3.979
4.450 4.450
4.450 4.387
4.450 4.264
4.450 4.268
4.450 4.371
4.450 4.569
4.450 4.646
4.450 4.147
4.450 4.483
4.450 4.673
4.450 4.572
4.450 4.233
4.450 4.450
4.450 4.450
4.450 4.450
4.450 4.440
4.450 4.450
4.450 4.351
4.450 4.642
4.450 4.387
4.450 4.470
4.450 4.435
4.450 4.449
4.450 4.508
4.450 4.450
4.450 4.450
4.450 4.450
4.450 4.450
4.901 4.901
4.901 4.900
4.901 4.900
4.901 4.900
4.901 4.896
4.901 4.749
4.901 4.806
4.901 4.898
4.901 4.900
4.901 4.900
4.901 4.900
4.901 4.900
4.901 4.900
4.901 4.901
5.199 5.199
5.199 5.199
5.199 5.199
5.199 5.199
5.199 5.199
5.199 5.199
5.199 5.199
5.199 5.199
5.199 5.199
5.199 5.199
5.199 5.199
5.199 5.199
5.199 5.199
5.199 5.199
S will
DWS P-wave.
0.0 0.0
0.0 0.0
0.0 0.0
0.0 0.0
0.0 0.0
0.0 0.0
0.0 0.0
0.0 0.0
0.0 0.0
0.0 0.0
0.0 0.0
0.0 0.0
0.0 0.0
0.0 0.0
0.0 0.0
0.0 1.5
0.0 0.4
0.0 0.6
0.0 5.2
0.0 1479.5
0.0 1816.8
0.0 68.7
0.0 745.9
0.0 82.3
0.0 9.3
0.0 114.8
0.0 29.8
0.0 0.0
0.0 0.0
0.0 4.7
0.0 2.1
0.0 2.9
0.0 20.0
0.0 2329.4
0.0 9230.9
0.0 1654.8
0.0 1640.5
0.0 288.0
0.0 51.3
0.0 276.3
0.0 31.9
0.0 0.0
0.0 0.0
0.0 11.4
0.0 5.4
0.0 7.2
0.0 50.8
0.0 5618.3
0.0 20116.8
0.0 6811.3
0.0 1710.6
0.0 800.6
0.0 361.8
0.0 271.6
0.0 20.4
0.0 0.0
0.0 0.0
0.0 15.6
0.0 9.9
0.0 10.6
0.0 72.8
0.0 4948.4
0.0 23856.0
0.0 8403.9
0.0 664.7
0.0 556.1
0.0 329.4
0.0 186.4
0.0 0.9
0.0 0.0
0.0 0.0
0.0 23.1
0.0 19.1
0.0 71.7
0.0 151.8
0.0 2965.7
0.0 17210.6
0.0 9292.8
0.0 1704.9
0.0 397.5
0.0 140.8
0.0 96.1
0.0 0.6
0.0 0.0
0.0 0.0
0.0 35.8
0.0 17.4
0.0 35.4
0.0 16.9
0.0 71.5
0.0 481.7
0.0 562.3
0.0 138.0
0.0 24.4
0.0 18.0
0.0 21.4
0.0 0.2
0.0 0.0
0.0 0.0
0.0 107.1
0.0 19.0
0.0 88.3
0.0 125.5
0.0 86.6
0.0 164.0
0.0 309.2
0.0 221.8
0.0 107.2
0.0 37.7
0.0 7.7
0.0 0.0
0.0 0.0
0.0 0.0
0.0 163.2
0.0 86.5
0.0 40.1
0.0 38.9
0.0 7.9
0.0 3.5
0.0 5.0
0.0 40.0
0.0 22.3
0.0 1.8
0.0 0.0
0.0 0.0
0.0 0.0
0.0 0.0
0.0 28.9
0.0 63.5
0.0 64.3
0.0 80.0
0.0 83.7
0.0 91.5
0.0 81.6
0.0 40.0
0.0 9.4
0.0 0.6
0.0 0.0
0.0 0.0
0.0 0.0
0.0 0.0
0.0 0.0
0.0 0.0
0.0 0.0
0.0 0.0
0.0 0.0
0.0 0.0
0.0 0.0
0.0 0.0
0.0 0.0
0.0 0.0
0.0 0.0
0.0 0.0
0.0 0.0
DWS S-wave.
0.0 0.0
0.0 0.0
0.0 0.0
0.0 0.0
0.0 0.0
0.0 0.0
0.0 0.0
0.0 0.0
0.0 0.0
0.0 0.0
0.0 0.0
0.0 0.0
0.0 0.0
0.0 0.0
0.0 0.0
0.0 0.0
0.0 0.3
0.0 0.4
0.0 3.3
0.0 989.9
0.0 1312.4
0.0 46.7
0.0 495.1
0.0 98.3
0.0 5.8
0.0 76.3
0.0 18.5
0.0 0.0
0.0 0.0
0.0 0.0
0.0 0.9
0.0 1.5
0.0 14.8
0.0 1825.3
0.0 5696.2
0.0 332.9
0.0 965.0
0.0 149.2
0.0 30.0
0.0 179.2
0.0 21.1
0.0 0.0
0.0 0.0
0.0 0.1
0.0 1.6
0.0 4.1
0.0 39.2
0.0 3838.6
0.0 13539.9
0.0 4261.4
0.0 1091.0
0.0 506.4
0.0 239.0
0.0 213.9
0.0 11.1
0.0 0.0
0.0 0.0
0.0 0.1
0.0 2.2
0.0 4.9
0.0 55.2
0.0 2743.0
0.0 13495.7
0.0 4497.0
0.0 611.6
0.0 441.9
0.0 235.9
0.0 82.1
0.0 0.1
0.0 0.0
0.0 0.0
0.0 0.0
0.0 2.8
0.0 46.3
0.0 120.2
0.0 1494.9
0.0 9935.2
0.0 5086.2
0.0 1185.4
0.0 321.1
0.0 95.5
0.0 41.4
0.0 0.2
0.0 0.0
0.0 0.0
0.0 0.0
0.0 2.9
0.0 13.4
0.0 16.6
0.0 14.0
0.0 110.8
0.0 88.1
0.0 138.5
0.0 5.0
0.0 3.9
0.0 2.3
0.0 0.0
0.0 0.0
0.0 0.0
0.0 0.0
0.0 3.8
0.0 21.0
0.0 16.7
0.0 9.9
0.0 18.5
0.0 94.8
0.0 32.2
0.0 16.2
0.0 8.7
0.0 3.2
0.0 0.0
0.0 0.0
0.0 0.0
0.0 0.0
0.0 0.0
0.0 4.1
0.0 8.7
0.0 3.2
0.0 0.1
0.0 2.0
0.0 2.6
0.0 1.6
0.0 0.1
0.0 0.1
0.0 0.0
0.0 0.0
0.0 0.0
0.0 0.0
0.0 0.0
0.0 0.0
0.0 1.5
0.0 3.8
0.0 0.7
0.0 2.0
0.0 2.3
0.0 0.5
0.0 0.0
0.0 0.0
0.0 0.0
0.0 0.0
0.0 0.0
0.0 0.0
0.0 0.0
0.0 0.0
0.0 0.0
0.0 0.0
0.0 0.0
0.0 0.0
0.0 0.0
0.0 0.0
0.0 0.0
0.0 0.0
0.0 0.0
0.0 0.0
End the
new_loc+new_npari: 
DWS P-wave.
0.0 0.0
0.0 0.0
0.0 0.0
0.0 0.0
0.0 0.0
0.0 0.0
0.0 0.0
0.0 0.0
0.0 0.0
0.0 0.0
0.0 0.0
0.0 0.0
0.0 0.0
0.0 0.0
0.0 0.0
0.0 1.5
0.0 0.4
0.0 0.6
0.0 5.2
0.0 1478.8
0.0 1813.6
0.0 68.6
0.0 745.6
0.0 82.0
0.0 9.3
0.0 114.6
0.0 29.8
0.0 0.0
0.0 0.0
0.0 4.7
0.0 2.1
0.0 2.9
0.0 20.0
0.0 2328.0
0.0 9207.2
0.0 1645.3
0.0 1640.0
0.0 287.8
0.0 51.2
0.0 275.7
0.0 31.9
0.0 0.0
0.0 0.0
0.0 11.4
0.0 5.4
0.0 7.2
0.0 50.8
0.0 5610.8
0.0 20075.8
0.0 6792.3
0.0 1710.0
0.0 800.0
0.0 358.5
0.0 270.5
0.0 20.3
0.0 0.0
0.0 0.0
0.0 15.6
0.0 9.9
0.0 10.6
0.0 72.8
0.0 4941.9
0.0 23814.8
0.0 8380.1
0.0 663.6
0.0 554.4
0.0 326.1
0.0 185.6
0.0 0.9
0.0 0.0
0.0 0.0
0.0 23.1
0.0 19.1
0.0 71.7
0.0 151.8
0.0 2962.9
0.0 17184.8
0.0 9277.9
0.0 1701.4
0.0 394.5
0.0 139.4
0.0 95.8
0.0 0.6
0.0 0.0
0.0 0.0
0.0 35.7
0.0 17.4
0.0 35.4
0.0 16.9
0.0 71.5
0.0 481.3
0.0 562.0
0.0 137.9
0.0 22.9
0.0 14.9
0.0 21.0
0.0 0.2
0.0 0.0
0.0 0.0
0.0 107.1
0.0 19.0
0.0 88.3
0.0 125.5
0.0 86.6
0.0 164.0
0.0 308.3
0.0 218.1
0.0 104.7
0.0 32.1
0.0 7.3
0.0 0.0
0.0 0.0
0.0 0.0
0.0 163.1
0.0 86.4
0.0 40.1
0.0 38.9
0.0 7.9
0.0 3.5
0.0 4.8
0.0 38.1
0.0 21.8
0.0 1.8
0.0 0.0
0.0 0.0
0.0 0.0
0.0 0.0
0.0 28.9
0.0 63.5
0.0 64.3
0.0 80.0
0.0 83.6
0.0 90.4
0.0 77.9
0.0 40.0
0.0 9.4
0.0 0.6
0.0 0.0
0.0 0.0
0.0 0.0
0.0 0.0
0.0 0.0
0.0 0.0
0.0 0.0
0.0 0.0
0.0 0.0
0.0 0.0
0.0 0.0
0.0 0.0
0.0 0.0
0.0 0.0
0.0 0.0
0.0 0.0
0.0 0.0
DWS S-wave.
0.0 0.0
0.0 0.0
0.0 0.0
0.0 0.0
0.0 0.0
0.0 0.0
0.0 0.0
0.0 0.0
0.0 0.0
0.0 0.0
0.0 0.0
0.0 0.0
0.0 0.0
0.0 0.0
0.0 0.0
0.0 0.0
0.0 0.3
0.0 0.4
0.0 3.3
0.0 989.2
0.0 1311.6
0.0 46.7
0.0 494.6
0.0 98.2
0.0 5.8
0.0 76.1
0.0 18.5
0.0 0.0
0.0 0.0
0.0 0.0
0.0 0.9
0.0 1.5
0.0 14.8
0.0 1823.7
0.0 5685.7
0.0 332.0
0.0 963.9
0.0 149.0
0.0 29.8
0.0 178.6
0.0 21.0
0.0 0.0
0.0 0.0
0.0 0.1
0.0 1.6
0.0 4.1
0.0 39.2
0.0 3832.0
0.0 13495.3
0.0 4239.0
0.0 1089.5
0.0 505.5
0.0 237.7
0.0 213.6
0.0 11.1
0.0 0.0
0.0 0.0
0.0 0.1
0.0 2.2
0.0 4.9
0.0 55.2
0.0 2738.2
0.0 13459.1
0.0 4481.3
0.0 610.3
0.0 440.2
0.0 233.1
0.0 81.2
0.0 0.1
0.0 0.0
0.0 0.0
0.0 0.0
0.0 2.8
0.0 46.3
0.0 120.2
0.0 1492.1
0.0 9911.8
0.0 5075.8
0.0 1181.7
0.0 319.2
0.0 94.1
0.0 41.0
0.0 0.2
0.0 0.0
0.0 0.0
0.0 0.0
0.0 2.9
0.0 13.4
0.0 16.5
0.0 14.0
0.0 110.5
0.0 87.8
0.0 138.2
0.0 5.0
0.0 3.9
0.0 2.3
0.0 0.0
0.0 0.0
0.0 0.0
0.0 0.0
0.0 3.8
0.0 21.0
0.0 16.7
0.0 9.9
0.0 18.5
0.0 94.6
0.0 30.7
0.0 15.6
0.0 8.7
0.0 3.2
0.0 0.0
0.0 0.0
0.0 0.0
0.0 0.0
0.0 0.0
0.0 4.0
0.0 8.7
0.0 3.2
0.0 0.1
0.0 2.0
0.0 2.4
0.0 1.6
0.0 0.1
0.0 0.1
0.0 0.0
0.0 0.0
0.0 0.0
0.0 0.0
0.0 0.0
0.0 0.0
0.0 1.5
0.0 3.8
0.0 0.7
0.0 2.0
0.0 2.3
0.0 0.5
0.0 0.0
0.0 0.0
0.0 0.0
0.0 0.0
0.0 0.0
0.0 0.0
0.0 0.0
0.0 0.0
0.0 0.0
0.0 0.0
0.0 0.0
0.0 0.0
0.0 0.0
0.0 0.0
0.0 0.0
0.0 0.0
0.0 0.0
0.0 0.0
End the
new_loc+new_npari: 
P-wave at
0.300 0.300
0.300 0.300
0.300 0.300
0.300 0.300
0.300 0.300
0.300 0.300
0.300 0.300
0.300 0.300
0.300 0.300
0.300 0.300
0.300 0.300
0.300 0.300
0.300 0.300
0.300 0.300
4.880 4.880
4.880 4.867
4.880 4.880
4.880 4.880
4.880 5.111
4.880 5.298
4.880 5.048
4.880 5.486
4.880 5.033
4.880 4.895
4.880 5.038
4.880 4.725
4.880 4.682
4.880 4.880
5.800 5.800
5.800 5.698
5.800 5.787
5.800 5.679
5.800 5.840
5.800 5.310
5.800 6.077
5.800 6.185
5.800 6.004
5.800 5.669
5.800 5.854
5.800 5.974
5.800 5.632
5.800 5.800
6.040 6.040
6.040 6.033
6.040 6.019
6.040 6.045
6.040 6.016
6.040 5.902
6.040 6.168
6.040 6.017
6.040 6.238
6.040 6.041
6.040 6.221
6.040 5.748
6.040 6.566
6.040 6.040
6.040 6.040
6.040 5.997
6.040 6.092
6.040 6.140
6.040 6.119
6.040 5.634
6.040 6.531
6.040 5.987
6.040 6.258
6.040 6.462
6.040 6.299
6.040 5.860
6.040 6.040
6.040 6.040
6.820 6.820
6.820 6.887
6.820 7.108
6.820 7.052
6.820 6.685
6.820 6.690
6.820 6.719
6.820 6.615
6.820 6.723
6.820 6.367
6.820 6.737
6.820 6.948
6.820 6.820
6.820 6.820
6.820 6.820
6.820 6.766
6.820 6.519
6.820 6.656
6.820 6.428
6.820 7.028
6.820 6.801
6.820 7.327
6.820 6.479
6.820 7.155
6.820 6.693
6.820 7.607
6.820 6.820
6.820 6.820
7.610 7.610
7.610 7.622
7.610 7.294
7.610 7.146
7.610 7.918
7.610 7.382
7.610 7.750
7.610 6.965
7.610 7.112
7.610 8.065
7.610 8.035
7.610 7.966
7.610 7.610
7.610 7.610
7.610 7.610
7.610 7.764
7.610 8.334
7.610 7.566
7.610 7.473
7.610 7.037
7.610 7.398
7.610 6.942
7.610 8.199
7.610 7.454
7.610 7.765
7.610 7.610
7.610 7.610
7.610 7.610
8.380 8.380
8.380 8.118
8.380 8.482
8.380 7.812
8.380 8.447
8.380 7.964
8.380 8.386
8.380 8.275
8.380 8.096
8.380 8.263
8.380 8.380
8.380 8.380
8.380 8.380
8.380 8.380
9.000 9.000
9.000 9.000
9.000 9.000
9.000 9.000
9.000 9.000
9.000 9.000
9.000 9.000
9.000 9.000
9.000 9.000
9.000 9.000
9.000 9.000
9.000 9.000
9.000 9.000
9.000 9.000
End the
S-wave at
0.170 0.170
0.170 0.170
0.170 0.170
0.170 0.170
0.170 0.170
0.170 0.170
0.170 0.170
0.170 0.170
0.170 0.170
0.170 0.170
0.170 0.170
0.170 0.170
0.170 0.170
0.170 0.170
2.860 2.860
2.860 2.860
2.860 2.860
2.860 2.875
2.860 2.882
2.860 2.892
2.860 3.423
2.860 3.135
2.860 2.999
2.860 2.816
2.860 2.746
2.860 2.676
2.860 2.639
2.860 2.860
3.400 3.400
3.400 3.400
3.400 3.436
3.400 3.477
3.400 3.412
3.400 3.441
3.400 3.480
3.400 3.666
3.400 3.404
3.400 3.052
3.400 3.242
3.400 3.598
3.400 4.123
3.400 3.400
3.551 3.551
3.551 3.615
3.551 3.605
3.551 3.603
3.551 3.581
3.551 3.274
3.551 3.762
3.551 3.406
3.551 3.906
3.551 3.659
3.551 3.689
3.551 3.458
3.551 3.329
3.551 3.551
3.551 3.551
3.551 3.584
3.551 3.567
3.551 3.566
3.551 3.588
3.551 3.426
3.551 3.734
3.551 3.696
3.551 3.593
3.551 3.774
3.551 3.673
3.551 3.636
3.551 3.551
3.551 3.551
3.979 3.979
3.979 3.982
3.979 4.006
3.979 3.976
3.979 3.989
3.979 3.558
3.979 4.140
3.979 3.643
3.979 4.232
3.979 3.622
3.979 4.301
3.979 3.841
3.979 4.018
3.979 3.979
3.979 3.979
3.979 3.969
3.979 4.182
3.979 4.171
3.979 4.100
3.979 4.075
3.979 3.830
3.979 4.136
3.979 4.239
3.979 3.978
3.979 4.064
3.979 3.925
3.979 3.979
3.979 3.979
4.450 4.450
4.450 4.387
4.450 4.256
4.450 4.256
4.450 4.319
4.450 4.472
4.450 4.511
4.450 4.142
4.450 4.530
4.450 4.744
4.450 4.630
4.450 4.233
4.450 4.450
4.450 4.450
4.450 4.450
4.450 4.440
4.450 4.450
4.450 4.336
4.450 4.596
4.450 4.387
4.450 4.470
4.450 4.435
4.450 4.449
4.450 4.508
4.450 4.450
4.450 4.450
4.450 4.450
4.450 4.450
4.901 4.901
4.901 4.900
4.901 4.900
4.901 4.900
4.901 4.896
4.901 4.659
4.901 4.806
4.901 4.898
4.901 4.900
4.901 4.900
4.901 4.900
4.901 4.900
4.901 4.900
4.901 4.901
5.199 5.199
5.199 5.199
5.199 5.199
5.199 5.199
5.199 5.199
5.199 5.199
5.199 5.199
5.199 5.199
5.199 5.199
5.199 5.199
5.199 5.199
5.199 5.199
5.199 5.199
5.199 5.199
S will
DWS P-wave.
0.0 0.0
0.0 0.0
0.0 0.0
0.0 0.0
0.0 0.0
0.0 0.0
0.0 0.0
0.0 0.0
0.0 0.0
0.0 0.0
0.0 0.0
0.0 0.0
0.0 0.0
0.0 0.0
0.0 0.0
0.0 1.5
0.0 0.3
0.0 0.6
0.0 5.9
0.0 1334.5
0.0 1660.0
0.0 73.4
0.0 772.4
0.0 64.4
0.0 6.9
0.0 100.3
0.0 26.9
0.0 0.0
0.0 0.0
0.0 4.8
0.0 2.0
0.0 3.1
0.0 22.3
0.0 2272.6
0.0 6924.6
0.0 308.0
0.0 1610.7
0.0 267.0
0.0 41.9
0.0 243.9
0.0 32.4
0.0 0.0
0.0 0.0
0.0 11.4
0.0 5.0
0.0 7.4
0.0 58.6
0.0 5199.4
0.0 18328.8
0.0 7410.0
0.0 1744.1
0.0 753.3
0.0 318.2
0.0 266.0
0.0 17.7
0.0 0.0
0.0 0.0
0.0 15.5
0.0 9.4
0.0 11.5
0.0 81.2
0.0 4014.7
0.0 21144.8
0.0 7092.8
0.0 893.1
0.0 531.2
0.0 336.3
0.0 180.7
0.0 0.8
0.0 0.0
0.0 0.0
0.0 23.4
0.0 17.6
0.0 74.2
0.0 136.8
0.0 2441.5
0.0 15539.6
0.0 7884.5
0.0 1229.4
0.0 433.5
0.0 204.9
0.0 117.4
0.0 0.6
0.0 0.0
0.0 0.0
0.0 36.2
0.0 15.4
0.0 36.4
0.0 17.2
0.0 70.5
0.0 403.2
0.0 1375.0
0.0 754.7
0.0 5.2
0.0 19.0
0.0 18.4
0.0 0.2
0.0 0.0
0.0 0.0
0.0 108.5
0.0 18.4
0.0 85.8
0.0 125.1
0.0 84.7
0.0 138.9
0.0 275.7
0.0 192.0
0.0 96.9
0.0 39.2
0.0 7.6
0.0 0.0
0.0 0.0
0.0 0.0
0.0 160.7
0.0 90.1
0.0 41.5
0.0 40.6
0.0 8.7
0.0 4.6
0.0 15.6
0.0 73.4
0.0 37.1
0.0 1.1
0.0 0.0
0.0 0.0
0.0 0.0
0.0 0.0
0.0 27.4
0.0 59.8
0.0 62.7
0.0 75.9
0.0 82.9
0.0 88.6
0.0 75.6
0.0 34.4
0.0 6.4
0.0 0.4
0.0 0.0
0.0 0.0
0.0 0.0
0.0 0.0
0.0 0.0
0.0 0.0
0.0 0.0
0.0 0.0
0.0 0.0
0.0 0.0
0.0 0.0
0.0 0.0
0.0 0.0
0.0 0.0
0.0 0.0
0.0 0.0
0.0 0.0
DWS S-wave.
0.0 0.0
0.0 0.0
0.0 0.0
0.0 0.0
0.0 0.0
0.0 0.0
0.0 0.0
0.0 0.0
0.0 0.0
0.0 0.0
0.0 0.0
0.0 0.0
0.0 0.0
0.0 0.0
0.0 0.0
0.0 0.0
0.0 0.2
0.0 0.4
0.0 3.5
0.0 973.2
0.0 1388.8
0.0 50.4
0.0 528.4
0.0 86.1
0.0 4.1
0.0 64.8
0.0 17.6
0.0 0.0
0.0 0.0
0.0 0.0
0.0 0.8
0.0 1.6
0.0 16.7
0.0 1829.1
0.0 5709.0
0.0 197.6
0.0 940.6
0.0 62.0
0.0 21.8
0.0 157.5
0.0 20.9
0.0 0.0
0.0 0.0
0.0 0.1
0.0 1.5
0.0 3.8
0.0 43.2
0.0 3702.9
0.0 13456.2
0.0 4168.1
0.0 1141.1
0.0 484.8
0.0 138.9
0.0 202.4
0.0 10.9
0.0 0.0
0.0 0.0
0.0 0.0
0.0 2.2
0.0 4.5
0.0 57.8
0.0 2375.9
0.0 12511.8
0.0 3942.2
0.0 784.4
0.0 258.1
0.0 146.5
0.0 75.3
0.0 0.1
0.0 0.0
0.0 0.0
0.0 0.0
0.0 2.8
0.0 48.1
0.0 113.0
0.0 1252.5
0.0 9358.4
0.0 5096.6
0.0 1036.5
0.0 297.4
0.0 75.9
0.0 38.8
0.0 0.5
0.0 0.0
0.0 0.0
0.0 0.0
0.0 2.8
0.0 13.7
0.0 15.3
0.0 12.9
0.0 105.6
0.0 86.7
0.0 114.9
0.0 3.7
0.0 4.0
0.0 2.4
0.0 0.0
0.0 0.0
0.0 0.0
0.0 0.0
0.0 3.5
0.0 21.1
0.0 16.0
0.0 7.4
0.0 10.5
0.0 94.2
0.0 33.0
0.0 10.3
0.0 8.8
0.0 3.1
0.0 0.0
0.0 0.0
0.0 0.0
0.0 0.0
0.0 0.0
0.0 3.4
0.0 7.1
0.0 3.1
0.0 0.2
0.0 0.4
0.0 1.8
0.0 2.2
0.0 0.1
0.0 0.0
0.0 0.0
0.0 0.0
0.0 0.0
0.0 0.0
0.0 0.0
0.0 0.0
0.0 1.6
0.0 3.8
0.0 0.9
0.0 2.5
0.0 3.0
0.0 0.6
0.0 0.0
0.0 0.0
0.0 0.0
0.0 0.0
0.0 0.0
0.0 0.0
0.0 0.0
0.0 0.0
0.0 0.0
0.0 0.0
0.0 0.0
0.0 0.0
0.0 0.0
0.0 0.0
0.0 0.0
0.0 0.0
0.0 0.0
0.0 0.0
End the
new_loc+new_npari: 
DWS P-wave.
0.0 0.0
0.0 0.0
0.0 0.0
0.0 0.0
0.0 0.0
0.0 0.0
0.0 0.0
0.0 0.0
0.0 0.0
0.0 0.0
0.0 0.0
0.0 0.0
0.0 0.0
0.0 0.0
0.0 0.0
0.0 1.5
0.0 0.3
0.0 0.6
0.0 5.9
0.0 1332.7
0.0 1653.5
0.0 73.3
0.0 772.0
0.0 63.8
0.0 6.9
0.0 99.4
0.0 26.6
0.0 0.0
0.0 0.0
0.0 4.8
0.0 2.0
0.0 3.1
0.0 22.3
0.0 2269.7
0.0 6886.2
0.0 307.0
0.0 1609.8
0.0 265.9
0.0 41.6
0.0 241.7
0.0 32.1
0.0 0.0
0.0 0.0
0.0 11.4
0.0 5.0
0.0 7.4
0.0 58.6
0.0 5166.5
0.0 18183.1
0.0 7353.8
0.0 1738.9
0.0 749.7
0.0 314.9
0.0 263.9
0.0 17.6
0.0 0.0
0.0 0.0
0.0 15.5
0.0 9.4
0.0 11.5
0.0 81.1
0.0 3983.3
0.0 20989.5
0.0 7031.2
0.0 883.3
0.0 527.5
0.0 333.0
0.0 178.3
0.0 0.8
0.0 0.0
0.0 0.0
0.0 23.4
0.0 17.6
0.0 74.2
0.0 136.7
0.0 2422.2
0.0 15413.9
0.0 7833.5
0.0 1220.9
0.0 431.8
0.0 202.2
0.0 116.2
0.0 0.6
0.0 0.0
0.0 0.0
0.0 36.2
0.0 15.4
0.0 36.4
0.0 17.2
0.0 70.3
0.0 401.0
0.0 1371.7
0.0 751.8
0.0 5.1
0.0 18.9
0.0 18.2
0.0 0.2
0.0 0.0
0.0 0.0
0.0 108.5
0.0 18.3
0.0 85.7
0.0 124.9
0.0 84.6
0.0 138.5
0.0 274.5
0.0 190.8
0.0 95.7
0.0 38.8
0.0 7.5
0.0 0.0
0.0 0.0
0.0 0.0
0.0 160.6
0.0 90.0
0.0 41.5
0.0 40.4
0.0 8.7
0.0 4.6
0.0 15.4
0.0 72.4
0.0 36.5
0.0 1.0
0.0 0.0
0.0 0.0
0.0 0.0
0.0 0.0
0.0 27.4
0.0 59.7
0.0 62.6
0.0 75.7
0.0 82.5
0.0 88.4
0.0 75.4
0.0 34.3
0.0 6.4
0.0 0.4
0.0 0.0
0.0 0.0
0.0 0.0
0.0 0.0
0.0 0.0
0.0 0.0
0.0 0.0
0.0 0.0
0.0 0.0
0.0 0.0
0.0 0.0
0.0 0.0
0.0 0.0
0.0 0.0
0.0 0.0
0.0 0.0
0.0 0.0
DWS S-wave.
0.0 0.0
0.0 0.0
0.0 0.0
0.0 0.0
0.0 0.0
0.0 0.0
0.0 0.0
0.0 0.0
0.0 0.0
0.0 0.0
0.0 0.0
0.0 0.0
0.0 0.0
0.0 0.0
0.0 0.0
0.0 0.0
0.0 0.2
0.0 0.4
0.0 3.5
0.0 968.8
0.0 1384.4
0.0 50.3
0.0 526.1
0.0 85.5
0.0 4.0
0.0 64.3
0.0 17.5
0.0 0.0
0.0 0.0
0.0 0.0
0.0 0.8
0.0 1.6
0.0 16.7
0.0 1819.2
0.0 5669.3
0.0 196.1
0.0 936.9
0.0 61.2
0.0 21.1
0.0 156.2
0.0 20.7
0.0 0.0
0.0 0.0
0.0 0.1
0.0 1.5
0.0 3.8
0.0 43.1
0.0 3663.8
0.0 13303.2
0.0 4141.0
0.0 1134.8
0.0 478.1
0.0 134.6
0.0 200.8
0.0 10.9
0.0 0.0
0.0 0.0
0.0 0.0
0.0 2.1
0.0 4.5
0.0 57.8
0.0 2342.8
0.0 12391.8
0.0 3920.1
0.0 778.9
0.0 254.0
0.0 141.9
0.0 74.3
0.0 0.1
0.0 0.0
0.0 0.0
0.0 0.0
0.0 2.8
0.0 48.0
0.0 112.8
0.0 1231.1
0.0 9237.2
0.0 5057.9
0.0 1028.3
0.0 295.0
0.0 73.0
0.0 38.3
0.0 0.5
0.0 0.0
0.0 0.0
0.0 0.0
0.0 2.8
0.0 13.6
0.0 15.3
0.0 12.9
0.0 104.9
0.0 85.8
0.0 114.1
0.0 3.7
0.0 4.0
0.0 2.4
0.0 0.0
0.0 0.0
0.0 0.0
0.0 0.0
0.0 3.5
0.0 20.9
0.0 15.8
0.0 7.4
0.0 10.4
0.0 93.5
0.0 32.7
0.0 10.3
0.0 8.8
0.0 3.1
0.0 0.0
0.0 0.0
0.0 0.0
0.0 0.0
0.0 0.0
0.0 3.4
0.0 7.1
0.0 3.1
0.0 0.2
0.0 0.4
0.0 1.8
0.0 2.2
0.0 0.1
0.0 0.0
0.0 0.0
0.0 0.0
0.0 0.0
0.0 0.0
0.0 0.0
0.0 0.0
0.0 1.6
0.0 3.8
0.0 0.9
0.0 2.5
0.0 3.0
0.0 0.6
0.0 0.0
0.0 0.0
0.0 0.0
0.0 0.0
0.0 0.0
0.0 0.0
0.0 0.0
0.0 0.0
0.0 0.0
0.0 0.0
0.0 0.0
0.0 0.0
0.0 0.0
0.0 0.0
0.0 0.0
0.0 0.0
0.0 0.0
0.0 0.0
End the
new_loc+new_npari: 
P-wave at
0.300 0.300
0.300 0.300
0.300 0.300
0.300 0.300
0.300 0.300
0.300 0.300
0.300 0.300
0.300 0.300
0.300 0.300
0.300 0.300
0.300 0.300
0.300 0.300
0.300 0.300
0.300 0.300
4.880 4.880
4.880 4.867
4.880 4.880
4.880 4.880
4.880 5.111
4.880 5.304
4.880 5.082
4.880 5.713
4.880 5.054
4.880 4.846
4.880 5.038
4.880 4.781
4.880 4.694
4.880 4.880
5.800 5.800
5.800 5.698
5.800 5.787
5.800 5.679
5.800 5.876
5.800 5.251
5.800 6.222
5.800 6.155
5.800 6.056
5.800 5.636
5.800 5.900
5.800 5.931
5.800 5.232
5.800 5.800
6.040 6.040
6.040 6.040
6.040 6.019
6.040 6.045
6.040 6.053
6.040 5.899
6.040 6.151
6.040 6.030
6.040 6.361
6.040 5.938
6.040 6.227
6.040 5.654
6.040 6.613
6.040 6.040
6.040 6.040
6.040 6.004
6.040 6.092
6.040 6.136
6.040 6.116
6.040 5.496
6.040 6.543
6.040 5.976
6.040 6.340
6.040 6.497
6.040 6.256
6.040 5.994
6.040 6.040
6.040 6.040
6.820 6.820
6.820 6.896
6.820 7.112
6.820 7.039
6.820 6.662
6.820 6.454
6.820 6.783
6.820 6.562
6.820 6.775
6.820 6.280
6.820 6.689
6.820 6.925
6.820 6.820
6.820 6.820
6.820 6.820
6.820 6.772
6.820 6.519
6.820 6.621
6.820 6.407
6.820 6.978
6.820 6.813
6.820 7.118
6.820 6.476
6.820 7.155
6.820 6.554
6.820 7.540
6.820 6.820
6.820 6.820
7.610 7.610
7.610 7.634
7.610 7.282
7.610 7.130
7.610 7.870
7.610 7.326
7.610 7.757
7.610 7.321
7.610 6.871
7.610 7.953
7.610 7.872
7.610 7.966
7.610 7.610
7.610 7.610
7.610 7.610
7.610 7.763
7.610 8.311
7.610 7.556
7.610 7.522
7.610 7.037
7.610 7.398
7.610 6.948
7.610 8.046
7.610 7.348
7.610 7.765
7.610 7.610
7.610 7.610
7.610 7.610
8.380 8.380
8.380 8.091
8.380 8.463
8.380 7.792
8.380 8.388
8.380 7.905
8.380 8.334
8.380 8.226
8.380 8.050
8.380 8.263
8.380 8.380
8.380 8.380
8.380 8.380
8.380 8.380
9.000 9.000
9.000 9.000
9.000 9.000
9.000 9.000
9.000 9.000
9.000 9.000
9.000 9.000
9.000 9.000
9.000 9.000
9.000 9.000
9.000 9.000
9.000 9.000
9.000 9.000
9.000 9.000
End the
S-wave at
0.170 0.170
0.170 0.170
0.170 0.170
0.170 0.170
0.170 0.170
0.170 0.170
0.170 0.170
0.170 0.170
0.170 0.170
0.170 0.170
0.170 0.170
0.170 0.170
0.170 0.170
0.170 0.170
2.860 2.860
2.860 2.860
2.860 2.860
2.860 2.875
2.860 2.866
2.860 2.861
2.860 3.534
2.860 3.146
2.860 3.039
2.860 2.801
2.860 2.700
2.860 2.639
2.860 2.611
2.860 2.860
3.400 3.400
3.400 3.400
3.400 3.436
3.400 3.477
3.400 3.408
3.400 3.465
3.400 3.483
3.400 3.612
3.400 3.415
3.400 3.044
3.400 3.153
3.400 3.578
3.400 4.257
3.400 3.400
3.551 3.551
3.551 3.615
3.551 3.605
3.551 3.608
3.551 3.583
3.551 3.249
3.551 3.769
3.551 3.421
3.551 3.965
3.551 3.651
3.551 3.718
3.551 3.460
3.551 3.331
3.551 3.551
3.551 3.551
3.551 3.584
3.551 3.567
3.551 3.568
3.551 3.585
3.551 3.361
3.551 3.763
3.551 3.682
3.551 3.557
3.551 3.713
3.551 3.628
3.551 3.711
3.551 3.551
3.551 3.551
3.979 3.979
3.979 3.982
3.979 4.006
3.979 3.972
3.979 3.969
3.979 3.471
3.979 4.164
3.979 3.645
3.979 4.219
3.979 3.615
3.979 4.361
3.979 3.820
3.979 4.018
3.979 3.979
3.979 3.979
3.979 3.969
3.979 4.182
3.979 4.166
3.979 4.072
3.979 4.081
3.979 3.797
3.979 4.264
3.979 4.178
3.979 3.990
3.979 4.105
3.979 3.925
3.979 3.979
3.979 3.979
4.450 4.450
4.450 4.387
4.450 4.245
4.450 4.243
4.450 4.286
4.450 4.493
4.450 4.583
4.450 4.102
4.450 4.578
4.450 4.807
4.450 4.649
4.450 4.233
4.450 4.450
4.450 4.450
4.450 4.450
4.450 4.440
4.450 4.450
4.450 4.319
4.450 4.562
4.450 4.387
4.450 4.470
4.450 4.435
4.450 4.449
4.450 4.508
4.450 4.450
4.450 4.450
4.450 4.450
4.450 4.450
4.901 4.901
4.901 4.900
4.901 4.900
4.901 4.900
4.901 4.896
4.901 4.636
4.901 4.806
4.901 4.898
4.901 4.900
4.901 4.900
4.901 4.900
4.901 4.900
4.901 4.900
4.901 4.901
5.199 5.199
5.199 5.199
5.199 5.199
5.199 5.199
5.199 5.199
5.199 5.199
5.199 5.199
5.199 5.199
5.199 5.199
5.199 5.199
5.199 5.199
5.199 5.199
5.199 5.199
5.199 5.199
S will
S will
