       0.0       0.0       0.0       0.0       0.0       0.0       0.0       0.0       0.0       0.0       0.0       0.0
       0.0       0.0       0.0       0.0       0.0       0.0       0.0       0.0       0.0       0.0       0.0       0.0
       0.0       0.0       0.0       0.0       0.0       0.0       0.0       0.0       0.0       0.0       0.0       0.0
       0.0       0.0       0.0       0.0       0.0       0.0       0.0       0.0       0.0       0.0       0.0       0.0
       0.0       0.0       0.0       0.0       0.0       0.0       0.0       0.0       0.0       0.0       0.0       0.0
       0.0       0.0       0.0       0.0       0.0       0.0       0.0       0.0       0.0       0.0       0.0       0.0
       0.0       0.0       0.0       0.0       0.0       0.0       0.0       0.0       0.0       0.0       0.0       0.0
       0.0       0.0       0.0       0.0       0.0       0.0       0.0       0.0       0.0       0.0       0.0       0.0
       0.0       0.0       0.0       0.0       0.0       0.0       0.0       0.0       0.0       0.0       0.0       0.0
       0.0       0.0       0.0       0.0       0.0       0.0       0.0       0.0       0.0       0.0       0.0       0.0
       0.0       0.0       0.0       0.0       0.0       0.0       0.0       0.0       0.0       0.0       0.0       0.0
       0.0       0.0       0.0       0.0       0.0       0.0       0.0       0.0       0.0       0.0       0.0       0.0
       0.0       0.0       0.0       0.0       0.0       0.0       0.0       0.0       0.0       0.0       0.0       0.0
       0.0       0.0       0.0       0.0       0.0       0.0       0.0       0.0       0.0       0.0       0.0       0.0
       0.0       0.0       0.0       0.0       0.0       0.0       0.0       0.0       0.0       0.0       0.0       0.0
       0.0       6.6       2.0       0.3       1.9       2.8      12.0       0.0       0.0       0.3       0.1       0.0
       0.0       9.0       0.2       0.3       1.3       1.2       4.5       0.0       0.0       0.0       0.4       0.0
       0.0       7.7       0.6       0.1       0.1       9.4     217.9      42.1       3.3       1.4       0.2       0.0
       0.0       1.4       2.7       8.5       3.9       3.6     149.8      31.6       2.4       1.6       0.7       0.0
       0.0     603.9     451.1     159.3     134.0       3.9     113.8     106.8       1.7       0.5       3.0       0.0
       0.0    4609.1     706.3     252.9     200.3      37.9     102.7      11.7       1.8       0.3       3.0       0.0
       0.0       0.0      22.5     506.4     347.6     531.1     128.5       2.1       0.9       0.0       0.0       0.0
       0.0      12.2     367.7     197.4     218.3     340.9     193.9       2.2       0.2       0.0       0.0       0.0
       0.0     105.8      47.8      63.7     192.0     139.2     943.6     305.1       0.3       0.0       0.0       0.0
       0.0       6.1       7.7     114.2     170.9      51.5     441.1     398.5      13.8       0.0       0.0       0.0
       0.0       7.5      43.1     198.5     181.3      38.9      28.9      54.1      14.7       1.7       1.1       0.0
       0.0       0.4       6.6       2.8       0.5       1.7       5.8       4.4       0.6       0.4       0.4       0.0
       0.0       0.0       0.0       0.0       0.0       0.0       0.0       0.0       0.0       0.0       0.0       0.0
       0.0       0.0       0.0       0.0       0.0       0.0       0.0       0.0       0.0       0.0       0.0       0.0
       0.0       9.5       2.3       1.4       4.7       5.7      20.6       0.0       0.0       0.5       0.2       0.0
       0.0      21.3       0.9       2.0       5.0       3.8      10.1       0.0       0.0       0.1       0.7       0.0
       0.0      25.9       1.3       0.3       1.4       2.9     103.7      26.2       8.1       2.8       0.4       0.0
       0.0       4.8      21.0      26.0      12.8       2.0     112.0      37.2       9.0       4.3       1.9       0.0
       0.0    2370.1    2344.1    1469.3     379.6      54.2     289.0     169.5       9.2       1.5       7.9       0.0
       0.0   12157.3    8163.0    2292.2     659.9     381.9     350.1      49.5       4.0       0.8       9.9       0.0
       0.0      74.7     559.5    2750.0    1208.7    1161.4     374.0       5.2       1.2       0.0       0.0       0.0
       0.0      99.9     506.5     577.6     783.5    1085.9     735.5      13.6       0.2       0.0       0.0       0.0
       0.0     172.4     206.0     210.8     542.1    1358.2    2476.1     601.6       4.2       0.1       0.0       0.0
       0.0      29.8      85.9     525.1    1889.5    2104.1    1754.3    1154.1      96.8       0.0       0.0       0.0
       0.0      15.8     100.0     365.0     714.8     561.4     321.8     176.4      30.9       4.8       1.3       0.0
       0.0       0.4       8.6       4.4       2.8       3.1      14.8       8.6       2.4       1.2       1.0       0.0
       0.0       0.0       0.0       0.0       0.0       0.0       0.0       0.0       0.0       0.0       0.0       0.0
       0.0       0.0       0.0       0.0       0.0       0.0       0.0       0.0       0.0       0.0       0.0       0.0
       0.0      17.2       4.1       1.6       6.5       7.6      25.2       0.0       0.0       0.8       0.2       0.0
       0.0      23.6       1.7       4.1      14.9       9.1      19.8       0.0       0.0       0.2       0.7       0.0
       0.0      61.0       9.9       0.6       4.0       7.2      65.9      20.7       9.5       3.1       0.5       0.0
       0.0      37.8      49.2      26.6      31.0      29.0     128.5      48.3      20.8       6.0       3.0       0.0
       0.0    2155.9    3130.9    1671.6     735.5     374.1     509.9     173.6      26.9       6.0      14.7       0.0
       0.0   11341.4   15401.2    5206.9    1459.8    1069.8    1128.1      91.3       9.0       4.8      24.1       0.0
       0.0    1321.2    6307.2    3083.9    1938.8    1657.4     581.3       8.8       1.9       0.0       0.2       0.0
       0.0     179.1     892.1    1248.0    1963.6    2576.6    1373.9      11.9       0.0       0.0       0.0       0.0
       0.0     159.0     418.1     300.6     847.7    2933.3    2528.7     667.4      10.4       0.0       0.0       0.0
       0.0      31.1     157.5     632.6    2481.8    3710.5    2117.3    1222.1      66.0       0.2       0.0       0.0
       0.0      10.3      96.7     235.2     776.8    1262.5     533.2     223.4      27.3       8.2       1.4       0.0
       0.0       0.6       6.7       2.3       4.0       8.7      20.1       6.0       2.7       1.0       2.0       0.0
       0.0       0.0       0.0       0.0       0.0       0.0       0.0       0.0       0.0       0.0       0.0       0.0
       0.0       0.0       0.0       0.0       0.0       0.0       0.0       0.0       0.0       0.0       0.0       0.0
       0.0      21.7       6.4       1.7       6.2       7.2      25.5       0.0       0.0       1.2       0.1       0.0
       0.0      21.4       2.6       5.7      28.5      12.2      28.6       0.0       0.0       0.4       0.6       0.0
       0.0      31.2       4.5       1.4       8.4       5.5      17.5       4.9       7.4       2.1       0.6       0.0
       0.0      12.3      26.3       4.4      31.3      12.3      58.0      20.1      17.0       6.5       3.3       0.0
       0.0     239.7     588.2    1505.7     288.1     144.7     353.3     103.3      16.7       9.6      15.6       0.0
       0.0    5520.7    5869.1    3027.2     618.6     414.4     485.5      66.0       5.5      12.9      27.4       0.0
       0.0    1847.3    2717.4    3374.2     862.6     938.2     236.2       3.8       2.6       0.0       0.4       0.0
       0.0     262.9     410.4     450.8     945.3     828.1     705.7      11.0       0.0       0.0       0.0       0.0
       0.0     167.0     347.9     206.0     432.2     790.1    1121.0     293.7       0.9       0.0       0.0       0.0
       0.0      19.1      62.4     350.1    1083.9     514.3     794.6     411.4      31.3       0.4       0.0       0.0
       0.0       5.3      64.4     101.4     213.2     144.4     186.8     133.1       3.7       7.3       1.1       0.0
       0.0       0.8      11.3       3.6       1.3       0.4       7.5       4.1       2.1       0.5       2.4       0.0
       0.0       0.0       0.0       0.0       0.0       0.0       0.0       0.0       0.0       0.0       0.0       0.0
       0.0       0.0       0.0       0.0       0.0       0.0       0.0       0.0       0.0       0.0       0.0       0.0
       0.0      25.5      10.2       2.0       6.4       4.8      21.3       0.0       0.0       1.7       0.0       0.0
       0.0      17.8       4.3       3.2      33.6      25.5      56.5       0.1       0.0       0.7       0.3       0.0
       0.0      59.1      21.9       5.3      26.1      13.5      13.0       5.0       7.1       1.8       0.6       0.0
       0.0      35.9      40.6       7.9      35.3      54.4      85.8      41.5      40.4       7.3       2.9       0.0
       0.0      38.0    1384.7    1011.1     383.4     433.2     271.1      65.5      64.0      33.6      13.3       0.0
       0.0    4039.0    9392.6    3095.2     852.7     939.4     772.1      62.2      33.0      38.6      25.3       0.0
       0.0    2002.4    5642.0    2071.8    1175.1    1479.3     596.1      24.7       3.6       0.0       0.9       0.0
       0.0     867.7    1172.0     978.3    1324.0    1919.9     994.9      30.2       0.4       0.0       0.0       0.0
       0.0     101.2     360.2     708.9     973.3    1994.0    1141.1     134.9       2.8       0.0       0.0       0.0
       0.0      31.3     232.4     569.2    1115.0    1660.0     867.4     221.6      14.5       1.3       0.0       0.0
       0.0      11.5      70.0      49.2      89.3     387.8     358.2      69.5       9.3       7.8       0.9       0.0
       0.0       1.4       5.0       1.0       2.6       8.7       9.4       3.9       2.4       0.1       3.1       0.0
       0.0       0.0       0.0       0.0       0.0       0.0       0.0       0.0       0.0       0.0       0.0       0.0
       0.0       0.0       0.0       0.0       0.0       0.0       0.0       0.0       0.0       0.0       0.0       0.0
       0.0      29.0      15.1       2.6       7.5       1.9      11.4       0.1       0.2       2.0       0.0       0.0
       0.0      16.5       7.1       0.4      20.0      22.3      74.3       0.5       0.1       0.4       0.0       0.0
       0.0      11.4       6.3       2.8      46.9      15.7      11.9       1.2       1.4       2.8       0.2       0.0
       0.0       3.1       9.0       4.5       6.7      14.4      74.1      36.5      17.5       2.3       1.6       0.0
       0.0       5.3      37.7      18.2      58.6      63.1     127.1      22.4      22.3      13.1       9.1       0.0
       0.0      99.7     129.7      89.7     135.0     117.9     226.9      43.4      13.5      26.0      18.3       0.0
       0.0    1012.8      33.8     119.6     284.7     241.4     160.5       5.0       0.2       1.6       2.5       0.0
       0.0     278.5      27.5     184.2     179.3     418.7     434.5      28.3       0.0       0.0       0.0       0.0
       0.0       8.4      29.4     193.3     107.7     242.8     264.3      22.8       1.3       0.0       0.0       0.0
       0.0       3.6      22.8     140.7     116.7     131.4     121.1      33.6       4.0       2.1       0.0       0.0
       0.0       0.8      12.4       9.9      11.3      45.5      36.9       4.4       4.5       3.9       1.7       0.0
       0.0       0.0       0.0       0.1       0.7       2.2       4.4       2.5       2.7       0.0       3.9       0.0
       0.0       0.0       0.0       0.0       0.0       0.0       0.0       0.0       0.0       0.0       0.0       0.0
       0.0       0.0       0.0       0.0       0.0       0.0       0.0       0.0       0.0       0.0       0.0       0.0
       0.0      52.0      35.2      11.1      14.7       2.2       9.5       0.1       1.7       2.8       0.0       0.0
       0.0      20.7      14.2       2.6       7.9      23.5      88.5       1.0       0.2       0.1       0.0       0.0
       0.0      18.7      22.5      15.4      60.7      68.1     134.7      11.4       2.6       1.8       0.0       0.0
       0.0       3.9      21.7      21.7      67.6     105.4      98.7      30.2      18.3       4.4       0.3       0.0
       0.0       2.9      43.4      86.9     144.8     200.2     121.5      51.5      40.7      31.5       4.8       0.0
       0.0      28.6     139.1     150.2     189.8     297.0     369.4      81.4      39.9      43.4       8.2       0.0
       0.0      98.8     321.2     178.1     317.6     612.7     539.2      76.3      32.1      26.0       5.4       0.0
       0.0      40.2     217.9     130.5     325.6     582.9     296.9      44.3      15.7       2.5       0.4       0.0
       0.0      15.7     117.3     114.0     214.6     179.5      46.3      19.9       7.9       0.9       0.0       0.0
       0.0       4.2      16.4      39.8      83.8      34.0      30.4      20.6      19.0       4.0       3.5       0.0
       0.0       0.0       0.8      16.7       7.1      15.3      16.8       5.6       3.7       0.8       5.9       0.0
       0.0       0.0       0.0       0.0       0.1       4.6       5.0       9.1       4.6       0.0       7.1       0.0
       0.0       0.0       0.0       0.0       0.0       0.0       0.0       0.0       0.0       0.0       0.0       0.0
       0.0       0.0       0.0       0.0       0.0       0.0       0.0       0.0       0.0       0.0       0.0       0.0
       0.0      39.0      63.0      27.1      27.6       2.5       1.8       0.3       6.5       2.1       0.0       0.0
       0.0      23.0      28.7       6.4      12.2      13.5      25.9       0.0       0.0       0.0       0.0       0.0
       0.0      25.5      26.6      25.1      24.9      53.1      94.9       0.2       0.0       0.0       0.0       0.0
       0.0       5.0      11.3      24.5      48.5      78.3      75.5       0.6       0.1       0.1       0.0       0.0
       0.0       0.1       4.8      34.4      53.5      87.3      74.0      13.7       3.3       0.8       0.0       0.0
       0.0       0.2       3.4      26.6      51.6      94.5     119.7      23.1      11.8       4.3       0.0       0.0
       0.0       4.4       4.6      34.8      42.7     114.5     135.9      22.7      20.4      14.3       0.9       0.0
       0.0       3.5      17.7       5.5      40.1      35.4      24.4       7.3       5.9       1.3       0.0       0.0
       0.0       1.4       7.7      16.2      49.7      27.3       9.7       1.8       2.3       0.1       0.0       0.0
       0.0       0.5       1.3       2.2      14.7      17.6       2.7       0.4       2.6       2.2       1.4       0.0
       0.0       0.0       0.0       0.0       0.8       1.7       2.7       1.4       0.0       0.0       2.3       0.0
       0.0       0.0       0.0       0.0       0.0       0.0       0.1       6.5       1.2       0.0      13.8       0.0
       0.0       0.0       0.0       0.0       0.0       0.0       0.0       0.0       0.0       0.0       0.0       0.0
       0.0       0.0       0.0       0.0       0.0       0.0       0.0       0.0       0.0       0.0       0.0       0.0
       0.0       5.0      26.3      38.3      21.2       3.7       0.0       5.7       9.2       0.3       0.0       0.0
       0.0      10.9      32.3      38.3      42.9      16.5       2.2       7.5       1.7       0.0       0.0       0.0
       0.0      19.8      48.4      36.6      48.9      38.1      23.5       6.6       0.2       0.0       0.0       0.0
       0.0      24.5      38.9      61.2      47.5      67.6      66.5       3.9       0.0       0.0       0.0       0.0
       0.0      17.6      16.4      60.9      63.0      78.2      77.5       2.1       0.0       0.0       0.0       0.0
       0.0      12.6       6.0      33.3      68.3      58.9      60.2       3.0       0.4       0.0       0.0       0.0
       0.0      12.9       7.4      22.1      48.3      35.2      17.3       4.0       9.0       3.4       0.0       0.0
       0.0       6.2       5.3      14.8      34.7      16.8      12.3      19.7      14.0       6.5       2.9       0.0
       0.0       0.9       2.5       2.9       8.0       8.7      19.3       8.8       5.2       6.2      10.5       0.0
       0.0       0.0       0.0       0.0       0.0       2.0       5.4       0.7       1.2       6.1      21.5       0.0
       0.0       0.0       0.0       0.0       0.0       0.0       4.3       5.2       2.8       2.7      27.4       0.0
       0.0       0.0       0.0       0.0       0.0       0.0       1.2       5.9       1.3       1.9      18.0       0.0
       0.0       0.0       0.0       0.0       0.0       0.0       0.0       0.0       0.0       0.0       0.0       0.0
       0.0       0.0       0.0       0.0       0.0       0.0       0.0       0.0       0.0       0.0       0.0       0.0
       0.0       0.0       0.0       0.0       0.0       0.0       0.0       0.0       0.0       0.0       0.0       0.0
       0.0       0.0       0.0       0.0       0.0       0.0       0.0       0.0       0.0       0.0       0.0       0.0
       0.0       0.0       0.0       0.0       0.0       0.0       0.0       0.0       0.0       0.0       0.0       0.0
       0.0       0.0       0.0       0.0       0.0       0.0       0.0       0.0       0.0       0.0       0.0       0.0
       0.0       0.0       0.0       0.0       0.0       0.0       0.0       0.0       0.0       0.0       0.0       0.0
       0.0       0.0       0.0       0.0       0.0       0.0       0.0       0.0       0.0       0.0       0.0       0.0
       0.0       0.0       0.0       0.0       0.0       0.0       0.0       0.0       0.0       0.0       0.0       0.0
       0.0       0.0       0.0       0.0       0.0       0.0       0.0       0.0       0.0       0.0       0.0       0.0
       0.0       0.0       0.0       0.0       0.0       0.0       0.0       0.0       0.0       0.0       0.0       0.0
       0.0       0.0       0.0       0.0       0.0       0.0       0.0       0.0       0.0       0.0       0.0       0.0
       0.0       0.0       0.0       0.0       0.0       0.0       0.0       0.0       0.0       0.0       0.0       0.0
       0.0       0.0       0.0       0.0       0.0       0.0       0.0       0.0       0.0       0.0       0.0       0.0
       0.0       0.0       0.0       0.0       0.0       0.0       0.0       0.0       0.0       0.0       0.0       0.0
