       0.0       0.0       0.0       0.0       0.0       0.0       0.0       0.0       0.0       0.0       0.0       0.0
       0.0       0.0       0.0       0.0       0.0       0.0       0.0       0.0       0.0       0.0       0.0       0.0
       0.0       0.0       0.0       0.0       0.0       0.0       0.0       0.0       0.0       0.0       0.0       0.0
       0.0       0.0       0.0       0.0       0.0       0.0       0.0       0.0       0.0       0.0       0.0       0.0
       0.0       0.0       0.0       0.0       0.0       0.0       0.0       0.0       0.0       0.0       0.0       0.0
       0.0       0.0       0.0       0.0       0.0       0.0       0.0       0.0       0.0       0.0       0.0       0.0
       0.0       0.0       0.0       0.0       0.0       0.0       0.0       0.0       0.0       0.0       0.0       0.0
       0.0       0.0       0.0       0.0       0.0       0.0       0.0       0.0       0.0       0.0       0.0       0.0
       0.0       0.0       0.0       0.0       0.0       0.0       0.0       0.0       0.0       0.0       0.0       0.0
       0.0       0.0       0.0       0.0       0.0       0.0       0.0       0.0       0.0       0.0       0.0       0.0
       0.0       0.0       0.0       0.0       0.0       0.0       0.0       0.0       0.0       0.0       0.0       0.0
       0.0       0.0       0.0       0.0       0.0       0.0       0.0       0.0       0.0       0.0       0.0       0.0
       0.0       0.0       0.0       0.0       0.0       0.0       0.0       0.0       0.0       0.0       0.0       0.0
       0.0       0.0       0.0       0.0       0.0       0.0       0.0       0.0       0.0       0.0       0.0       0.0
       0.0       0.0       0.0       0.0       0.0       0.0       0.0       0.0       0.0       0.0       0.0       0.0
       0.0       1.7       0.2       0.1       0.0       0.9       4.3       0.0       0.0       0.0       0.0       0.0
       0.0       5.1       0.2       0.3       0.1       0.5       1.9       0.0       0.0       0.0       0.3       0.0
       0.0       3.1       0.2       0.1       0.1       7.3     171.2      34.1       1.6       1.1       0.1       0.0
       0.0       0.2       1.6       6.1       3.0       2.9     120.0      26.3       1.6       1.6       0.1       0.0
       0.0     403.5     306.5     123.6     106.3       3.2      76.0      69.3       1.0       0.3       1.6       0.0
       0.0    3205.8     481.0     181.3     151.9      45.1     120.2       8.2       1.3       0.2       1.5       0.0
       0.0       0.0      15.7     354.8     255.9     474.5     141.7       1.0       0.5       0.0       0.0       0.0
       0.0       7.2     263.3     135.6     150.0     256.1     139.9       1.3       0.1       0.0       0.0       0.0
       0.0      68.7      29.4      42.1     124.0      98.5     699.4     241.1       0.3       0.0       0.0       0.0
       0.0       4.1       5.6      73.0     115.9      39.5     322.9     298.3       8.5       0.0       0.0       0.0
       0.0       5.3      25.9     120.1     121.2      28.2      21.8      38.6       9.3       1.1       0.7       0.0
       0.0       0.3       4.1       1.7       0.3       1.4       4.7       3.3       0.1       0.2       0.0       0.0
       0.0       0.0       0.0       0.0       0.0       0.0       0.0       0.0       0.0       0.0       0.0       0.0
       0.0       0.0       0.0       0.0       0.0       0.0       0.0       0.0       0.0       0.0       0.0       0.0
       0.0       2.4       0.2       0.3       0.3       1.9       8.6       0.0       0.0       0.0       0.0       0.0
       0.0      12.4       0.5       0.8       0.6       1.8       5.4       0.0       0.0       0.1       0.6       0.0
       0.0       9.5       0.4       0.2       0.8       1.6      78.3      20.4       3.2       2.3       0.3       0.0
       0.0       0.7       8.4      16.8       9.4       1.3      81.8      26.9       5.3       3.9       1.0       0.0
       0.0    1748.6    1702.9    1147.7     287.1      40.0     194.1     111.8       4.7       1.2       4.3       0.0
       0.0    8588.7    5503.7    1758.2     509.3     415.8     342.7      31.1       2.6       0.7       5.6       0.0
       0.0      41.2      94.3    1761.3     993.5    1080.1     382.4       2.2       0.7       0.0       0.0       0.0
       0.0      57.8     344.7     406.7     593.2     822.9     532.2       9.5       0.1       0.0       0.0       0.0
       0.0     102.2     125.3     132.3     344.2     952.9    1782.0     450.0       3.0       0.1       0.0       0.0
       0.0      17.4      37.4     311.2    1200.2    1441.0    1327.4     891.0      66.8       0.0       0.0       0.0
       0.0      11.9      56.8     231.0     519.0     370.4     215.4     124.3      20.0       3.4       1.0       0.0
       0.0       0.3       5.5       2.7       1.7       2.4      12.5       6.0       0.8       0.7       0.0       0.0
       0.0       0.0       0.0       0.0       0.0       0.0       0.0       0.0       0.0       0.0       0.0       0.0
       0.0       0.0       0.0       0.0       0.0       0.0       0.0       0.0       0.0       0.0       0.0       0.0
       0.0       2.9       0.5       0.3       0.6       2.5       9.9       0.0       0.0       0.0       0.0       0.0
       0.0      16.2       0.7       1.5       2.1       5.3      13.9       0.0       0.0       0.2       0.6       0.0
       0.0      22.0       1.4       0.2       2.0       5.1      50.6      15.6       3.5       2.6       0.4       0.0
       0.0       5.5      19.2      19.0      22.4      17.4      86.6      37.3      15.5       5.5       1.9       0.0
       0.0    1636.3    2679.2    1358.2     584.2     302.4     394.4     128.4      17.3       3.8      10.1       0.0
       0.0    8141.3   11840.1    4026.6    1068.6    1040.0     897.3      62.1       5.9       2.7      14.8       0.0
       0.0     963.5    4473.5    2431.0    1479.2    1698.4     602.5       3.6       1.2       0.0       0.0       0.0
       0.0     123.4     614.1     872.0    1419.9    1906.7     998.4       9.1       0.0       0.0       0.0       0.0
       0.0     118.6     325.3     244.3     511.6    2119.2    1918.1     514.6       9.1       0.0       0.0       0.0
       0.0      27.7     127.3     448.6    1870.1    2935.1    1868.5     921.0      46.6       0.2       0.0       0.0
       0.0      10.0      80.2     155.3     583.7    1138.1     450.2     166.5      19.6       7.4       1.1       0.0
       0.0       0.5       4.8       1.1       3.6       8.7      18.8       4.0       0.7       0.7       0.1       0.0
       0.0       0.0       0.0       0.0       0.0       0.0       0.0       0.0       0.0       0.0       0.0       0.0
       0.0       0.0       0.0       0.0       0.0       0.0       0.0       0.0       0.0       0.0       0.0       0.0
       0.0       3.1       0.9       0.2       0.4       1.7       6.8       0.0       0.0       0.0       0.0       0.0
       0.0      12.3       0.8       1.8       3.9       5.4      23.1       0.0       0.0       0.4       0.4       0.0
       0.0      37.7       2.1       0.4       3.0       4.2      11.0       3.1       2.5       2.2       0.7       0.0
       0.0      12.4      27.2       2.4      20.8       8.9      37.4      19.0      13.8       5.0       2.2       0.0
       0.0     197.2     736.2    1334.7     208.1     141.1     237.4      65.2      16.0       6.9      12.0       0.0
       0.0    4325.5    5756.1    2646.3     429.1     399.6     354.1      41.2       5.0       8.2      15.1       0.0
       0.0    1187.2    2278.5    2573.3     639.7     852.3     235.7       2.3       1.8       0.0       0.0       0.0
       0.0     179.8     280.5     359.2     699.7     755.0     491.2      10.1       0.0       0.0       0.0       0.0
       0.0     106.4     260.7     155.1     348.5     731.0     768.3     218.1       0.8       0.0       0.0       0.0
       0.0       5.1      34.7     234.5     758.6     439.1     555.6     323.9      21.2       0.4       0.0       0.0
       0.0       3.1      35.9      55.7     175.4     119.0     135.6      97.8       2.5       6.4       0.6       0.0
       0.0       0.7       8.0       2.2       0.9       0.7       5.9       1.9       0.2       0.4       0.0       0.0
       0.0       0.0       0.0       0.0       0.0       0.0       0.0       0.0       0.0       0.0       0.0       0.0
       0.0       0.0       0.0       0.0       0.0       0.0       0.0       0.0       0.0       0.0       0.0       0.0
       0.0       3.3       2.0       0.2       0.3       0.5       2.1       0.0       0.0       0.0       0.0       0.0
       0.0       6.5       0.5       0.8       4.9      10.7      40.5       1.2       0.2       0.7       0.2       0.0
       0.0      61.0      18.2       2.3       6.3       9.6      49.1      10.5       4.1       2.3       0.4       0.0
       0.0      50.8      44.7       4.6      21.4      31.6      68.4      38.6      23.0       6.3       1.7       0.0
       0.0      15.4    1128.5     682.2     210.3     277.4     152.9      44.3      54.4      32.0       9.7       0.0
       0.0    2257.0    6581.2    1925.6     429.8     630.1     515.7      41.7      23.8      25.3      10.4       0.0
       0.0    1287.2    3584.8    1170.9     719.7    1312.7     414.6      22.8       2.9       0.0       0.0       0.0
       0.0     558.1     720.4     573.2     927.3    1462.1     579.9      24.0       0.3       0.0       0.0       0.0
       0.0      50.1     262.3     505.6     632.5    1388.5     733.4      94.6       1.7       0.0       0.0       0.0
       0.0       7.9     125.2     320.7     674.2    1143.3     648.2     148.3       9.0       1.3       0.0       0.0
       0.0       6.9      33.3      22.6      56.9     301.2     268.3      44.8       7.6       6.6       0.0       0.0
       0.0       0.9       2.7       0.4       1.4       8.2       8.2       0.8       0.1       0.1       0.0       0.0
       0.0       0.0       0.0       0.0       0.0       0.0       0.0       0.0       0.0       0.0       0.0       0.0
       0.0       0.0       0.0       0.0       0.0       0.0       0.0       0.0       0.0       0.0       0.0       0.0
       0.0       2.3       4.0       0.3       0.4       0.0       1.8       0.0       0.0       0.0       0.0       0.0
       0.0       5.2       0.1       0.0       2.2       2.6       9.1       0.0       0.0       0.1       0.0       0.0
       0.0       3.6       1.4       0.2       5.3       2.5      16.0       0.7       0.4       1.7       0.2       0.0
       0.0       0.6       1.7       1.3       3.1       6.4      20.8       8.8       4.9       1.4       0.8       0.0
       0.0       0.3       5.4      13.7      25.6      17.0      36.0       7.0      10.4       8.9       4.4       0.0
       0.0       7.1      15.5      28.3      79.3      71.1     135.7      22.4       8.1       9.9       4.5       0.0
       0.0     433.6      16.0      45.6     160.9     177.9     114.1       4.6       0.2       0.6       0.2       0.0
       0.0      85.6      11.3      31.2     155.8     252.1     144.6      12.8       0.1       0.0       0.0       0.0
       0.0       3.2       1.5      87.0      81.2      98.2     152.9       9.9       0.3       0.0       0.0       0.0
       0.0       1.4       3.7      33.2      43.4      68.3      65.3      11.4       4.6       1.6       0.0       0.0
       0.0       0.7       6.4       3.3       2.2      16.6      13.9       1.1       3.5       2.7       0.0       0.0
       0.0       0.0       0.0       0.0       0.0       1.1       1.0       0.0       0.0       0.0       0.0       0.0
       0.0       0.0       0.0       0.0       0.0       0.0       0.0       0.0       0.0       0.0       0.0       0.0
       0.0       0.0       0.0       0.0       0.0       0.0       0.0       0.0       0.0       0.0       0.0       0.0
       0.0       1.1       9.3      11.2       2.1       0.0       1.7       0.0       0.0       0.0       0.0       0.0
       0.0       6.5       3.2       4.6       8.2       1.2       6.1       0.0       0.0       0.0       0.0       0.0
       0.0       4.4       5.6       4.0      12.7      22.5      21.9       0.0       0.9       1.4       0.0       0.0
       0.0       0.2       4.1       6.1       7.1      27.4      28.7       4.2      11.1       3.0       0.2       0.0
       0.0       0.2       4.7       8.3      23.4      19.5      18.6       8.2      16.7      14.5       2.4       0.0
       0.0       2.7      12.7      29.8      67.0     112.4     104.0      25.1      18.2      10.8       1.2       0.0
       0.0       8.6      20.4      20.0     134.9     347.0     128.7      40.8       8.4       3.3       0.1       0.0
       0.0       4.9      11.4       8.0      93.1     279.9     108.0      18.5       2.4       0.0       0.0       0.0
       0.0       5.2      13.8      11.3      55.0     106.1      50.8       2.2       0.9       0.0       0.0       0.0
       0.0       9.8       3.2       3.4      14.5       8.2       9.2       7.5      10.9       0.9       0.0       0.0
       0.0       1.3       0.9       6.7       1.7       4.2       4.7       0.6       2.5       0.5       0.0       0.0
       0.0       0.0       0.0       0.0       0.0       0.0       0.0       0.0       0.0       0.0       0.0       0.0
       0.0       0.0       0.0       0.0       0.0       0.0       0.0       0.0       0.0       0.0       0.0       0.0
       0.0       0.0       0.0       0.0       0.0       0.0       0.0       0.0       0.0       0.0       0.0       0.0
       0.0       0.1       0.4       2.2       2.1       1.0       0.0       0.0       0.0       0.0       0.0       0.0
       0.0       3.2       0.9       1.0       1.9       1.1       0.7       0.0       0.0       0.0       0.0       0.0
       0.0       8.3       3.1       1.3       1.3       1.6       1.8       0.0       0.0       0.0       0.0       0.0
       0.0       0.6       1.0       2.7       3.8       1.7       0.7       0.0       0.1       0.0       0.0       0.0
       0.0       0.0       0.1       1.9       6.8       2.2       0.7       0.2       0.0       0.1       0.0       0.0
       0.0       0.0       0.3       1.7       3.0       3.2       2.3       1.0       0.0       0.0       0.0       0.0
       0.0       0.2       2.7       4.4       4.2       9.9       2.6       0.7       0.6       0.1       0.0       0.0
       0.0       0.6       2.6       1.7       3.0       0.2       0.4       0.1       0.0       0.0       0.0       0.0
       0.0       0.3       2.2       1.9       0.7       0.0       0.0       0.0       0.0       0.0       0.0       0.0
       0.0       1.2       0.0       0.0       1.1       0.0       0.0       0.0       0.0       0.0       0.0       0.0
       0.0       0.0       0.0       0.0       0.0       0.0       0.0       0.0       0.0       0.0       0.0       0.0
       0.0       0.0       0.0       0.0       0.0       0.0       0.0       0.0       0.0       0.0       0.0       0.0
       0.0       0.0       0.0       0.0       0.0       0.0       0.0       0.0       0.0       0.0       0.0       0.0
       0.0       0.0       0.0       0.0       0.0       0.0       0.0       0.0       0.0       0.0       0.0       0.0
       0.0       0.0       0.0       0.0       0.7       1.0       0.0       0.0       0.0       0.0       0.0       0.0
       0.0       0.2       0.2       0.0       0.0       1.1       0.1       0.0       0.0       0.0       0.0       0.0
       0.0       2.9       4.9       1.1       0.0       0.2       0.0       0.0       0.0       0.0       0.0       0.0
       0.0       0.9       6.1       6.9       1.5       0.0       0.0       0.0       0.0       0.0       0.0       0.0
       0.0       0.0       0.2       3.8       1.9       0.3       0.0       0.0       0.0       0.0       0.0       0.0
       0.0       0.0       0.0       0.1       0.3       0.3       0.0       0.0       0.0       0.0       0.0       0.0
       0.0       0.0       0.0       0.0       0.0       0.0       0.0       0.0       0.0       0.0       0.0       0.0
       0.0       0.0       0.0       0.0       0.0       0.0       0.0       0.0       0.0       0.0       0.0       0.0
       0.0       0.0       0.0       0.0       0.0       0.0       0.0       0.0       0.0       0.0       0.0       0.0
       0.0       0.0       0.0       0.0       0.0       0.0       0.0       0.0       0.0       0.0       0.0       0.0
       0.0       0.0       0.0       0.0       0.0       0.0       0.0       0.0       0.0       0.0       0.0       0.0
       0.0       0.0       0.0       0.0       0.0       0.0       0.0       0.0       0.0       0.0       0.0       0.0
       0.0       0.0       0.0       0.0       0.0       0.0       0.0       0.0       0.0       0.0       0.0       0.0
       0.0       0.0       0.0       0.0       0.0       0.0       0.0       0.0       0.0       0.0       0.0       0.0
       0.0       0.0       0.0       0.0       0.0       0.0       0.0       0.0       0.0       0.0       0.0       0.0
       0.0       0.0       0.0       0.0       0.0       0.0       0.0       0.0       0.0       0.0       0.0       0.0
       0.0       0.0       0.0       0.0       0.0       0.0       0.0       0.0       0.0       0.0       0.0       0.0
       0.0       0.0       0.0       0.0       0.0       0.0       0.0       0.0       0.0       0.0       0.0       0.0
       0.0       0.0       0.0       0.0       0.0       0.0       0.0       0.0       0.0       0.0       0.0       0.0
       0.0       0.0       0.0       0.0       0.0       0.0       0.0       0.0       0.0       0.0       0.0       0.0
       0.0       0.0       0.0       0.0       0.0       0.0       0.0       0.0       0.0       0.0       0.0       0.0
       0.0       0.0       0.0       0.0       0.0       0.0       0.0       0.0       0.0       0.0       0.0       0.0
       0.0       0.0       0.0       0.0       0.0       0.0       0.0       0.0       0.0       0.0       0.0       0.0
       0.0       0.0       0.0       0.0       0.0       0.0       0.0       0.0       0.0       0.0       0.0       0.0
       0.0       0.0       0.0       0.0       0.0       0.0       0.0       0.0       0.0       0.0       0.0       0.0
       0.0       0.0       0.0       0.0       0.0       0.0       0.0       0.0       0.0       0.0       0.0       0.0
       0.0       0.0       0.0       0.0       0.0       0.0       0.0       0.0       0.0       0.0       0.0       0.0
