0.1 12 14 11
96.00 101.00 101.50 102.00 102.50 103.00 103.50 104.00 104.50 105.00 105.50 110.00
23.00 27.00 27.50 28.00 28.50 29.00 29.50 30.00 30.50 31.00 31.50 32.00 32.50 38.00
-100.00 0.00 5.00 10.00 17.50 25.00 35.00 45.00 65.00 90.00 300.00
0.300 0.300 0.300 0.300 0.300 0.300 0.300 0.300 0.300 0.300 0.300 0.300 
0.300 0.300 0.300 0.300 0.300 0.300 0.300 0.300 0.300 0.300 0.300 0.300 
0.300 0.300 0.300 0.300 0.300 0.300 0.300 0.300 0.300 0.300 0.300 0.300 
0.300 0.300 0.300 0.300 0.300 0.300 0.300 0.300 0.300 0.300 0.300 0.300 
0.300 0.300 0.300 0.300 0.300 0.300 0.300 0.300 0.300 0.300 0.300 0.300 
0.300 0.300 0.300 0.300 0.300 0.300 0.300 0.300 0.300 0.300 0.300 0.300 
0.300 0.300 0.300 0.300 0.300 0.300 0.300 0.300 0.300 0.300 0.300 0.300 
0.300 0.300 0.300 0.300 0.300 0.300 0.300 0.300 0.300 0.300 0.300 0.300 
0.300 0.300 0.300 0.300 0.300 0.300 0.300 0.300 0.300 0.300 0.300 0.300 
0.300 0.300 0.300 0.300 0.300 0.300 0.300 0.300 0.300 0.300 0.300 0.300 
0.300 0.300 0.300 0.300 0.300 0.300 0.300 0.300 0.300 0.300 0.300 0.300 
0.300 0.300 0.300 0.300 0.300 0.300 0.300 0.300 0.300 0.300 0.300 0.300 
0.300 0.300 0.300 0.300 0.300 0.300 0.300 0.300 0.300 0.300 0.300 0.300 
0.300 0.300 0.300 0.300 0.300 0.300 0.300 0.300 0.300 0.300 0.300 0.300 
4.880 4.880 4.880 4.880 4.880 4.880 4.880 4.880 4.880 4.880 4.880 4.880 
4.880 5.124 4.636 5.124 4.636 5.124 4.636 5.124 4.636 5.124 4.636 4.880 
4.880 4.636 5.124 4.636 5.124 4.636 5.124 4.636 5.124 4.636 5.124 4.880 
4.880 5.124 4.636 5.124 4.636 5.124 4.636 5.124 4.636 5.124 4.636 4.880 
4.880 4.636 5.124 4.636 5.124 4.636 5.124 4.636 5.124 4.636 5.124 4.880 
4.880 5.124 4.636 5.124 4.636 5.124 4.636 5.124 4.636 5.124 4.636 4.880 
4.880 4.636 5.124 4.636 5.124 4.636 5.124 4.636 5.124 4.636 5.124 4.880 
4.880 5.124 4.636 5.124 4.636 5.124 4.636 5.124 4.636 5.124 4.636 4.880 
4.880 4.636 5.124 4.636 5.124 4.636 5.124 4.636 5.124 4.636 5.124 4.880 
4.880 5.124 4.636 5.124 4.636 5.124 4.636 5.124 4.636 5.124 4.636 4.880 
4.880 4.636 5.124 4.636 5.124 4.636 5.124 4.636 5.124 4.636 5.124 4.880 
4.880 5.124 4.636 5.124 4.636 5.124 4.636 5.124 4.636 5.124 4.636 4.880 
4.880 4.636 5.124 4.636 5.124 4.636 5.124 4.636 5.124 4.636 5.124 4.880 
4.880 4.880 4.880 4.880 4.880 4.880 4.880 4.880 4.880 4.880 4.880 4.880 
5.800 5.800 5.800 5.800 5.800 5.800 5.800 5.800 5.800 5.800 5.800 5.800 
5.800 5.510 6.090 5.510 6.090 5.510 6.090 5.510 6.090 5.510 6.090 5.800 
5.800 6.090 5.510 6.090 5.510 6.090 5.510 6.090 5.510 6.090 5.510 5.800 
5.800 5.510 6.090 5.510 6.090 5.510 6.090 5.510 6.090 5.510 6.090 5.800 
5.800 6.090 5.510 6.090 5.510 6.090 5.510 6.090 5.510 6.090 5.510 5.800 
5.800 5.510 6.090 5.510 6.090 5.510 6.090 5.510 6.090 5.510 6.090 5.800 
5.800 6.090 5.510 6.090 5.510 6.090 5.510 6.090 5.510 6.090 5.510 5.800 
5.800 5.510 6.090 5.510 6.090 5.510 6.090 5.510 6.090 5.510 6.090 5.800 
5.800 6.090 5.510 6.090 5.510 6.090 5.510 6.090 5.510 6.090 5.510 5.800 
5.800 5.510 6.090 5.510 6.090 5.510 6.090 5.510 6.090 5.510 6.090 5.800 
5.800 6.090 5.510 6.090 5.510 6.090 5.510 6.090 5.510 6.090 5.510 5.800 
5.800 5.510 6.090 5.510 6.090 5.510 6.090 5.510 6.090 5.510 6.090 5.800 
5.800 6.090 5.510 6.090 5.510 6.090 5.510 6.090 5.510 6.090 5.510 5.800 
5.800 5.800 5.800 5.800 5.800 5.800 5.800 5.800 5.800 5.800 5.800 5.800 
6.040 6.040 6.040 6.040 6.040 6.040 6.040 6.040 6.040 6.040 6.040 6.040 
6.040 6.342 5.738 6.342 5.738 6.342 5.738 6.342 5.738 6.342 5.738 6.040 
6.040 5.738 6.342 5.738 6.342 5.738 6.342 5.738 6.342 5.738 6.342 6.040 
6.040 6.342 5.738 6.342 5.738 6.342 5.738 6.342 5.738 6.342 5.738 6.040 
6.040 5.738 6.342 5.738 6.342 5.738 6.342 5.738 6.342 5.738 6.342 6.040 
6.040 6.342 5.738 6.342 5.738 6.342 5.738 6.342 5.738 6.342 5.738 6.040 
6.040 5.738 6.342 5.738 6.342 5.738 6.342 5.738 6.342 5.738 6.342 6.040 
6.040 6.342 5.738 6.342 5.738 6.342 5.738 6.342 5.738 6.342 5.738 6.040 
6.040 5.738 6.342 5.738 6.342 5.738 6.342 5.738 6.342 5.738 6.342 6.040 
6.040 6.342 5.738 6.342 5.738 6.342 5.738 6.342 5.738 6.342 5.738 6.040 
6.040 5.738 6.342 5.738 6.342 5.738 6.342 5.738 6.342 5.738 6.342 6.040 
6.040 6.342 5.738 6.342 5.738 6.342 5.738 6.342 5.738 6.342 5.738 6.040 
6.040 5.738 6.342 5.738 6.342 5.738 6.342 5.738 6.342 5.738 6.342 6.040 
6.040 6.040 6.040 6.040 6.040 6.040 6.040 6.040 6.040 6.040 6.040 6.040 
6.040 6.040 6.040 6.040 6.040 6.040 6.040 6.040 6.040 6.040 6.040 6.040 
6.040 5.738 6.342 5.738 6.342 5.738 6.342 5.738 6.342 5.738 6.342 6.040 
6.040 6.342 5.738 6.342 5.738 6.342 5.738 6.342 5.738 6.342 5.738 6.040 
6.040 5.738 6.342 5.738 6.342 5.738 6.342 5.738 6.342 5.738 6.342 6.040 
6.040 6.342 5.738 6.342 5.738 6.342 5.738 6.342 5.738 6.342 5.738 6.040 
6.040 5.738 6.342 5.738 6.342 5.738 6.342 5.738 6.342 5.738 6.342 6.040 
6.040 6.342 5.738 6.342 5.738 6.342 5.738 6.342 5.738 6.342 5.738 6.040 
6.040 5.738 6.342 5.738 6.342 5.738 6.342 5.738 6.342 5.738 6.342 6.040 
6.040 6.342 5.738 6.342 5.738 6.342 5.738 6.342 5.738 6.342 5.738 6.040 
6.040 5.738 6.342 5.738 6.342 5.738 6.342 5.738 6.342 5.738 6.342 6.040 
6.040 6.342 5.738 6.342 5.738 6.342 5.738 6.342 5.738 6.342 5.738 6.040 
6.040 5.738 6.342 5.738 6.342 5.738 6.342 5.738 6.342 5.738 6.342 6.040 
6.040 6.342 5.738 6.342 5.738 6.342 5.738 6.342 5.738 6.342 5.738 6.040 
6.040 6.040 6.040 6.040 6.040 6.040 6.040 6.040 6.040 6.040 6.040 6.040 
6.820 6.820 6.820 6.820 6.820 6.820 6.820 6.820 6.820 6.820 6.820 6.820 
6.820 7.161 6.479 7.161 6.479 7.161 6.479 7.161 6.479 7.161 6.479 6.820 
6.820 6.479 7.161 6.479 7.161 6.479 7.161 6.479 7.161 6.479 7.161 6.820 
6.820 7.161 6.479 7.161 6.479 7.161 6.479 7.161 6.479 7.161 6.479 6.820 
6.820 6.479 7.161 6.479 7.161 6.479 7.161 6.479 7.161 6.479 7.161 6.820 
6.820 7.161 6.479 7.161 6.479 7.161 6.479 7.161 6.479 7.161 6.479 6.820 
6.820 6.479 7.161 6.479 7.161 6.479 7.161 6.479 7.161 6.479 7.161 6.820 
6.820 7.161 6.479 7.161 6.479 7.161 6.479 7.161 6.479 7.161 6.479 6.820 
6.820 6.479 7.161 6.479 7.161 6.479 7.161 6.479 7.161 6.479 7.161 6.820 
6.820 7.161 6.479 7.161 6.479 7.161 6.479 7.161 6.479 7.161 6.479 6.820 
6.820 6.479 7.161 6.479 7.161 6.479 7.161 6.479 7.161 6.479 7.161 6.820 
6.820 7.161 6.479 7.161 6.479 7.161 6.479 7.161 6.479 7.161 6.479 6.820 
6.820 6.479 7.161 6.479 7.161 6.479 7.161 6.479 7.161 6.479 7.161 6.820 
6.820 6.820 6.820 6.820 6.820 6.820 6.820 6.820 6.820 6.820 6.820 6.820 
6.820 6.820 6.820 6.820 6.820 6.820 6.820 6.820 6.820 6.820 6.820 6.820 
6.820 6.479 7.161 6.479 7.161 6.479 7.161 6.479 7.161 6.479 7.161 6.820 
6.820 7.161 6.479 7.161 6.479 7.161 6.479 7.161 6.479 7.161 6.479 6.820 
6.820 6.479 7.161 6.479 7.161 6.479 7.161 6.479 7.161 6.479 7.161 6.820 
6.820 7.161 6.479 7.161 6.479 7.161 6.479 7.161 6.479 7.161 6.479 6.820 
6.820 6.479 7.161 6.479 7.161 6.479 7.161 6.479 7.161 6.479 7.161 6.820 
6.820 7.161 6.479 7.161 6.479 7.161 6.479 7.161 6.479 7.161 6.479 6.820 
6.820 6.479 7.161 6.479 7.161 6.479 7.161 6.479 7.161 6.479 7.161 6.820 
6.820 7.161 6.479 7.161 6.479 7.161 6.479 7.161 6.479 7.161 6.479 6.820 
6.820 6.479 7.161 6.479 7.161 6.479 7.161 6.479 7.161 6.479 7.161 6.820 
6.820 7.161 6.479 7.161 6.479 7.161 6.479 7.161 6.479 7.161 6.479 6.820 
6.820 6.479 7.161 6.479 7.161 6.479 7.161 6.479 7.161 6.479 7.161 6.820 
6.820 7.161 6.479 7.161 6.479 7.161 6.479 7.161 6.479 7.161 6.479 6.820 
6.820 6.820 6.820 6.820 6.820 6.820 6.820 6.820 6.820 6.820 6.820 6.820 
7.610 7.610 7.610 7.610 7.610 7.610 7.610 7.610 7.610 7.610 7.610 7.610 
7.610 7.991 7.229 7.991 7.229 7.991 7.229 7.991 7.229 7.991 7.229 7.610 
7.610 7.229 7.991 7.229 7.991 7.229 7.991 7.229 7.991 7.229 7.991 7.610 
7.610 7.991 7.229 7.991 7.229 7.991 7.229 7.991 7.229 7.991 7.229 7.610 
7.610 7.229 7.991 7.229 7.991 7.229 7.991 7.229 7.991 7.229 7.991 7.610 
7.610 7.991 7.229 7.991 7.229 7.991 7.229 7.991 7.229 7.991 7.229 7.610 
7.610 7.229 7.991 7.229 7.991 7.229 7.991 7.229 7.991 7.229 7.991 7.610 
7.610 7.991 7.229 7.991 7.229 7.991 7.229 7.991 7.229 7.991 7.229 7.610 
7.610 7.229 7.991 7.229 7.991 7.229 7.991 7.229 7.991 7.229 7.991 7.610 
7.610 7.991 7.229 7.991 7.229 7.991 7.229 7.991 7.229 7.991 7.229 7.610 
7.610 7.229 7.991 7.229 7.991 7.229 7.991 7.229 7.991 7.229 7.991 7.610 
7.610 7.991 7.229 7.991 7.229 7.991 7.229 7.991 7.229 7.991 7.229 7.610 
7.610 7.229 7.991 7.229 7.991 7.229 7.991 7.229 7.991 7.229 7.991 7.610 
7.610 7.610 7.610 7.610 7.610 7.610 7.610 7.610 7.610 7.610 7.610 7.610 
7.610 7.610 7.610 7.610 7.610 7.610 7.610 7.610 7.610 7.610 7.610 7.610 
7.610 7.229 7.991 7.229 7.991 7.229 7.991 7.229 7.991 7.229 7.991 7.610 
7.610 7.991 7.229 7.991 7.229 7.991 7.229 7.991 7.229 7.991 7.229 7.610 
7.610 7.229 7.991 7.229 7.991 7.229 7.991 7.229 7.991 7.229 7.991 7.610 
7.610 7.991 7.229 7.991 7.229 7.991 7.229 7.991 7.229 7.991 7.229 7.610 
7.610 7.229 7.991 7.229 7.991 7.229 7.991 7.229 7.991 7.229 7.991 7.610 
7.610 7.991 7.229 7.991 7.229 7.991 7.229 7.991 7.229 7.991 7.229 7.610 
7.610 7.229 7.991 7.229 7.991 7.229 7.991 7.229 7.991 7.229 7.991 7.610 
7.610 7.991 7.229 7.991 7.229 7.991 7.229 7.991 7.229 7.991 7.229 7.610 
7.610 7.229 7.991 7.229 7.991 7.229 7.991 7.229 7.991 7.229 7.991 7.610 
7.610 7.991 7.229 7.991 7.229 7.991 7.229 7.991 7.229 7.991 7.229 7.610 
7.610 7.229 7.991 7.229 7.991 7.229 7.991 7.229 7.991 7.229 7.991 7.610 
7.610 7.991 7.229 7.991 7.229 7.991 7.229 7.991 7.229 7.991 7.229 7.610 
7.610 7.610 7.610 7.610 7.610 7.610 7.610 7.610 7.610 7.610 7.610 7.610 
8.380 8.380 8.380 8.380 8.380 8.380 8.380 8.380 8.380 8.380 8.380 8.380 
8.380 8.799 7.961 8.799 7.961 8.799 7.961 8.799 7.961 8.799 7.961 8.380 
8.380 7.961 8.799 7.961 8.799 7.961 8.799 7.961 8.799 7.961 8.799 8.380 
8.380 8.799 7.961 8.799 7.961 8.799 7.961 8.799 7.961 8.799 7.961 8.380 
8.380 7.961 8.799 7.961 8.799 7.961 8.799 7.961 8.799 7.961 8.799 8.380 
8.380 8.799 7.961 8.799 7.961 8.799 7.961 8.799 7.961 8.799 7.961 8.380 
8.380 7.961 8.799 7.961 8.799 7.961 8.799 7.961 8.799 7.961 8.799 8.380 
8.380 8.799 7.961 8.799 7.961 8.799 7.961 8.799 7.961 8.799 7.961 8.380 
8.380 7.961 8.799 7.961 8.799 7.961 8.799 7.961 8.799 7.961 8.799 8.380 
8.380 8.799 7.961 8.799 7.961 8.799 7.961 8.799 7.961 8.799 7.961 8.380 
8.380 7.961 8.799 7.961 8.799 7.961 8.799 7.961 8.799 7.961 8.799 8.380 
8.380 8.799 7.961 8.799 7.961 8.799 7.961 8.799 7.961 8.799 7.961 8.380 
8.380 7.961 8.799 7.961 8.799 7.961 8.799 7.961 8.799 7.961 8.799 8.380 
8.380 8.380 8.380 8.380 8.380 8.380 8.380 8.380 8.380 8.380 8.380 8.380 
9.000 9.000 9.000 9.000 9.000 9.000 9.000 9.000 9.000 9.000 9.000 9.000 
9.000 9.000 9.000 9.000 9.000 9.000 9.000 9.000 9.000 9.000 9.000 9.000 
9.000 9.000 9.000 9.000 9.000 9.000 9.000 9.000 9.000 9.000 9.000 9.000 
9.000 9.000 9.000 9.000 9.000 9.000 9.000 9.000 9.000 9.000 9.000 9.000 
9.000 9.000 9.000 9.000 9.000 9.000 9.000 9.000 9.000 9.000 9.000 9.000 
9.000 9.000 9.000 9.000 9.000 9.000 9.000 9.000 9.000 9.000 9.000 9.000 
9.000 9.000 9.000 9.000 9.000 9.000 9.000 9.000 9.000 9.000 9.000 9.000 
9.000 9.000 9.000 9.000 9.000 9.000 9.000 9.000 9.000 9.000 9.000 9.000 
9.000 9.000 9.000 9.000 9.000 9.000 9.000 9.000 9.000 9.000 9.000 9.000 
9.000 9.000 9.000 9.000 9.000 9.000 9.000 9.000 9.000 9.000 9.000 9.000 
9.000 9.000 9.000 9.000 9.000 9.000 9.000 9.000 9.000 9.000 9.000 9.000 
9.000 9.000 9.000 9.000 9.000 9.000 9.000 9.000 9.000 9.000 9.000 9.000 
9.000 9.000 9.000 9.000 9.000 9.000 9.000 9.000 9.000 9.000 9.000 9.000 
9.000 9.000 9.000 9.000 9.000 9.000 9.000 9.000 9.000 9.000 9.000 9.000 
1.765 1.765 1.765 1.765 1.765 1.765 1.765 1.765 1.765 1.765 1.765 1.765 
1.765 1.765 1.765 1.765 1.765 1.765 1.765 1.765 1.765 1.765 1.765 1.765 
1.765 1.765 1.765 1.765 1.765 1.765 1.765 1.765 1.765 1.765 1.765 1.765 
1.765 1.765 1.765 1.765 1.765 1.765 1.765 1.765 1.765 1.765 1.765 1.765 
1.765 1.765 1.765 1.765 1.765 1.765 1.765 1.765 1.765 1.765 1.765 1.765 
1.765 1.765 1.765 1.765 1.765 1.765 1.765 1.765 1.765 1.765 1.765 1.765 
1.765 1.765 1.765 1.765 1.765 1.765 1.765 1.765 1.765 1.765 1.765 1.765 
1.765 1.765 1.765 1.765 1.765 1.765 1.765 1.765 1.765 1.765 1.765 1.765 
1.765 1.765 1.765 1.765 1.765 1.765 1.765 1.765 1.765 1.765 1.765 1.765 
1.765 1.765 1.765 1.765 1.765 1.765 1.765 1.765 1.765 1.765 1.765 1.765 
1.765 1.765 1.765 1.765 1.765 1.765 1.765 1.765 1.765 1.765 1.765 1.765 
1.765 1.765 1.765 1.765 1.765 1.765 1.765 1.765 1.765 1.765 1.765 1.765 
1.765 1.765 1.765 1.765 1.765 1.765 1.765 1.765 1.765 1.765 1.765 1.765 
1.765 1.765 1.765 1.765 1.765 1.765 1.765 1.765 1.765 1.765 1.765 1.765 
1.706 1.706 1.706 1.706 1.706 1.706 1.706 1.706 1.706 1.706 1.706 1.706 
1.706 1.706 1.706 1.706 1.706 1.706 1.706 1.706 1.706 1.706 1.706 1.706 
1.706 1.706 1.706 1.706 1.706 1.706 1.706 1.706 1.706 1.706 1.706 1.706 
1.706 1.706 1.706 1.706 1.706 1.706 1.706 1.706 1.706 1.706 1.706 1.706 
1.706 1.706 1.706 1.706 1.706 1.706 1.706 1.706 1.706 1.706 1.706 1.706 
1.706 1.706 1.706 1.706 1.706 1.706 1.706 1.706 1.706 1.706 1.706 1.706 
1.706 1.706 1.706 1.706 1.706 1.706 1.706 1.706 1.706 1.706 1.706 1.706 
1.706 1.706 1.706 1.706 1.706 1.706 1.706 1.706 1.706 1.706 1.706 1.706 
1.706 1.706 1.706 1.706 1.706 1.706 1.706 1.706 1.706 1.706 1.706 1.706 
1.706 1.706 1.706 1.706 1.706 1.706 1.706 1.706 1.706 1.706 1.706 1.706 
1.706 1.706 1.706 1.706 1.706 1.706 1.706 1.706 1.706 1.706 1.706 1.706 
1.706 1.706 1.706 1.706 1.706 1.706 1.706 1.706 1.706 1.706 1.706 1.706 
1.706 1.706 1.706 1.706 1.706 1.706 1.706 1.706 1.706 1.706 1.706 1.706 
1.706 1.706 1.706 1.706 1.706 1.706 1.706 1.706 1.706 1.706 1.706 1.706 
1.706 1.706 1.706 1.706 1.706 1.706 1.706 1.706 1.706 1.706 1.706 1.706 
1.706 1.706 1.706 1.706 1.706 1.706 1.706 1.706 1.706 1.706 1.706 1.706 
1.706 1.706 1.706 1.706 1.706 1.706 1.706 1.706 1.706 1.706 1.706 1.706 
1.706 1.706 1.706 1.706 1.706 1.706 1.706 1.706 1.706 1.706 1.706 1.706 
1.706 1.706 1.706 1.706 1.706 1.706 1.706 1.706 1.706 1.706 1.706 1.706 
1.706 1.706 1.706 1.706 1.706 1.706 1.706 1.706 1.706 1.706 1.706 1.706 
1.706 1.706 1.706 1.706 1.706 1.706 1.706 1.706 1.706 1.706 1.706 1.706 
1.706 1.706 1.706 1.706 1.706 1.706 1.706 1.706 1.706 1.706 1.706 1.706 
1.706 1.706 1.706 1.706 1.706 1.706 1.706 1.706 1.706 1.706 1.706 1.706 
1.706 1.706 1.706 1.706 1.706 1.706 1.706 1.706 1.706 1.706 1.706 1.706 
1.706 1.706 1.706 1.706 1.706 1.706 1.706 1.706 1.706 1.706 1.706 1.706 
1.706 1.706 1.706 1.706 1.706 1.706 1.706 1.706 1.706 1.706 1.706 1.706 
1.706 1.706 1.706 1.706 1.706 1.706 1.706 1.706 1.706 1.706 1.706 1.706 
1.706 1.706 1.706 1.706 1.706 1.706 1.706 1.706 1.706 1.706 1.706 1.706 
1.701 1.701 1.701 1.701 1.701 1.701 1.701 1.701 1.701 1.701 1.701 1.701 
1.701 1.701 1.701 1.701 1.701 1.701 1.701 1.701 1.701 1.701 1.701 1.701 
1.701 1.701 1.701 1.701 1.701 1.701 1.701 1.701 1.701 1.701 1.701 1.701 
1.701 1.701 1.701 1.701 1.701 1.701 1.701 1.701 1.701 1.701 1.701 1.701 
1.701 1.701 1.701 1.701 1.701 1.701 1.701 1.701 1.701 1.701 1.701 1.701 
1.701 1.701 1.701 1.701 1.701 1.701 1.701 1.701 1.701 1.701 1.701 1.701 
1.701 1.701 1.701 1.701 1.701 1.701 1.701 1.701 1.701 1.701 1.701 1.701 
1.701 1.701 1.701 1.701 1.701 1.701 1.701 1.701 1.701 1.701 1.701 1.701 
1.701 1.701 1.701 1.701 1.701 1.701 1.701 1.701 1.701 1.701 1.701 1.701 
1.701 1.701 1.701 1.701 1.701 1.701 1.701 1.701 1.701 1.701 1.701 1.701 
1.701 1.701 1.701 1.701 1.701 1.701 1.701 1.701 1.701 1.701 1.701 1.701 
1.701 1.701 1.701 1.701 1.701 1.701 1.701 1.701 1.701 1.701 1.701 1.701 
1.701 1.701 1.701 1.701 1.701 1.701 1.701 1.701 1.701 1.701 1.701 1.701 
1.701 1.701 1.701 1.701 1.701 1.701 1.701 1.701 1.701 1.701 1.701 1.701 
1.701 1.701 1.701 1.701 1.701 1.701 1.701 1.701 1.701 1.701 1.701 1.701 
1.701 1.701 1.701 1.701 1.701 1.701 1.701 1.701 1.701 1.701 1.701 1.701 
1.701 1.701 1.701 1.701 1.701 1.701 1.701 1.701 1.701 1.701 1.701 1.701 
1.701 1.701 1.701 1.701 1.701 1.701 1.701 1.701 1.701 1.701 1.701 1.701 
1.701 1.701 1.701 1.701 1.701 1.701 1.701 1.701 1.701 1.701 1.701 1.701 
1.701 1.701 1.701 1.701 1.701 1.701 1.701 1.701 1.701 1.701 1.701 1.701 
1.701 1.701 1.701 1.701 1.701 1.701 1.701 1.701 1.701 1.701 1.701 1.701 
1.701 1.701 1.701 1.701 1.701 1.701 1.701 1.701 1.701 1.701 1.701 1.701 
1.701 1.701 1.701 1.701 1.701 1.701 1.701 1.701 1.701 1.701 1.701 1.701 
1.701 1.701 1.701 1.701 1.701 1.701 1.701 1.701 1.701 1.701 1.701 1.701 
1.701 1.701 1.701 1.701 1.701 1.701 1.701 1.701 1.701 1.701 1.701 1.701 
1.701 1.701 1.701 1.701 1.701 1.701 1.701 1.701 1.701 1.701 1.701 1.701 
1.701 1.701 1.701 1.701 1.701 1.701 1.701 1.701 1.701 1.701 1.701 1.701 
1.701 1.701 1.701 1.701 1.701 1.701 1.701 1.701 1.701 1.701 1.701 1.701 
1.714 1.714 1.714 1.714 1.714 1.714 1.714 1.714 1.714 1.714 1.714 1.714 
1.714 1.714 1.714 1.714 1.714 1.714 1.714 1.714 1.714 1.714 1.714 1.714 
1.714 1.714 1.714 1.714 1.714 1.714 1.714 1.714 1.714 1.714 1.714 1.714 
1.714 1.714 1.714 1.714 1.714 1.714 1.714 1.714 1.714 1.714 1.714 1.714 
1.714 1.714 1.714 1.714 1.714 1.714 1.714 1.714 1.714 1.714 1.714 1.714 
1.714 1.714 1.714 1.714 1.714 1.714 1.714 1.714 1.714 1.714 1.714 1.714 
1.714 1.714 1.714 1.714 1.714 1.714 1.714 1.714 1.714 1.714 1.714 1.714 
1.714 1.714 1.714 1.714 1.714 1.714 1.714 1.714 1.714 1.714 1.714 1.714 
1.714 1.714 1.714 1.714 1.714 1.714 1.714 1.714 1.714 1.714 1.714 1.714 
1.714 1.714 1.714 1.714 1.714 1.714 1.714 1.714 1.714 1.714 1.714 1.714 
1.714 1.714 1.714 1.714 1.714 1.714 1.714 1.714 1.714 1.714 1.714 1.714 
1.714 1.714 1.714 1.714 1.714 1.714 1.714 1.714 1.714 1.714 1.714 1.714 
1.714 1.714 1.714 1.714 1.714 1.714 1.714 1.714 1.714 1.714 1.714 1.714 
1.714 1.714 1.714 1.714 1.714 1.714 1.714 1.714 1.714 1.714 1.714 1.714 
1.714 1.714 1.714 1.714 1.714 1.714 1.714 1.714 1.714 1.714 1.714 1.714 
1.714 1.714 1.714 1.714 1.714 1.714 1.714 1.714 1.714 1.714 1.714 1.714 
1.714 1.714 1.714 1.714 1.714 1.714 1.714 1.714 1.714 1.714 1.714 1.714 
1.714 1.714 1.714 1.714 1.714 1.714 1.714 1.714 1.714 1.714 1.714 1.714 
1.714 1.714 1.714 1.714 1.714 1.714 1.714 1.714 1.714 1.714 1.714 1.714 
1.714 1.714 1.714 1.714 1.714 1.714 1.714 1.714 1.714 1.714 1.714 1.714 
1.714 1.714 1.714 1.714 1.714 1.714 1.714 1.714 1.714 1.714 1.714 1.714 
1.714 1.714 1.714 1.714 1.714 1.714 1.714 1.714 1.714 1.714 1.714 1.714 
1.714 1.714 1.714 1.714 1.714 1.714 1.714 1.714 1.714 1.714 1.714 1.714 
1.714 1.714 1.714 1.714 1.714 1.714 1.714 1.714 1.714 1.714 1.714 1.714 
1.714 1.714 1.714 1.714 1.714 1.714 1.714 1.714 1.714 1.714 1.714 1.714 
1.714 1.714 1.714 1.714 1.714 1.714 1.714 1.714 1.714 1.714 1.714 1.714 
1.714 1.714 1.714 1.714 1.714 1.714 1.714 1.714 1.714 1.714 1.714 1.714 
1.714 1.714 1.714 1.714 1.714 1.714 1.714 1.714 1.714 1.714 1.714 1.714 
1.710 1.710 1.710 1.710 1.710 1.710 1.710 1.710 1.710 1.710 1.710 1.710 
1.710 1.710 1.710 1.710 1.710 1.710 1.710 1.710 1.710 1.710 1.710 1.710 
1.710 1.710 1.710 1.710 1.710 1.710 1.710 1.710 1.710 1.710 1.710 1.710 
1.710 1.710 1.710 1.710 1.710 1.710 1.710 1.710 1.710 1.710 1.710 1.710 
1.710 1.710 1.710 1.710 1.710 1.710 1.710 1.710 1.710 1.710 1.710 1.710 
1.710 1.710 1.710 1.710 1.710 1.710 1.710 1.710 1.710 1.710 1.710 1.710 
1.710 1.710 1.710 1.710 1.710 1.710 1.710 1.710 1.710 1.710 1.710 1.710 
1.710 1.710 1.710 1.710 1.710 1.710 1.710 1.710 1.710 1.710 1.710 1.710 
1.710 1.710 1.710 1.710 1.710 1.710 1.710 1.710 1.710 1.710 1.710 1.710 
1.710 1.710 1.710 1.710 1.710 1.710 1.710 1.710 1.710 1.710 1.710 1.710 
1.710 1.710 1.710 1.710 1.710 1.710 1.710 1.710 1.710 1.710 1.710 1.710 
1.710 1.710 1.710 1.710 1.710 1.710 1.710 1.710 1.710 1.710 1.710 1.710 
1.710 1.710 1.710 1.710 1.710 1.710 1.710 1.710 1.710 1.710 1.710 1.710 
1.710 1.710 1.710 1.710 1.710 1.710 1.710 1.710 1.710 1.710 1.710 1.710 
1.710 1.710 1.710 1.710 1.710 1.710 1.710 1.710 1.710 1.710 1.710 1.710 
1.710 1.710 1.710 1.710 1.710 1.710 1.710 1.710 1.710 1.710 1.710 1.710 
1.710 1.710 1.710 1.710 1.710 1.710 1.710 1.710 1.710 1.710 1.710 1.710 
1.710 1.710 1.710 1.710 1.710 1.710 1.710 1.710 1.710 1.710 1.710 1.710 
1.710 1.710 1.710 1.710 1.710 1.710 1.710 1.710 1.710 1.710 1.710 1.710 
1.710 1.710 1.710 1.710 1.710 1.710 1.710 1.710 1.710 1.710 1.710 1.710 
1.710 1.710 1.710 1.710 1.710 1.710 1.710 1.710 1.710 1.710 1.710 1.710 
1.710 1.710 1.710 1.710 1.710 1.710 1.710 1.710 1.710 1.710 1.710 1.710 
1.710 1.710 1.710 1.710 1.710 1.710 1.710 1.710 1.710 1.710 1.710 1.710 
1.710 1.710 1.710 1.710 1.710 1.710 1.710 1.710 1.710 1.710 1.710 1.710 
1.710 1.710 1.710 1.710 1.710 1.710 1.710 1.710 1.710 1.710 1.710 1.710 
1.710 1.710 1.710 1.710 1.710 1.710 1.710 1.710 1.710 1.710 1.710 1.710 
1.710 1.710 1.710 1.710 1.710 1.710 1.710 1.710 1.710 1.710 1.710 1.710 
1.710 1.710 1.710 1.710 1.710 1.710 1.710 1.710 1.710 1.710 1.710 1.710 
1.710 1.710 1.710 1.710 1.710 1.710 1.710 1.710 1.710 1.710 1.710 1.710 
1.710 1.710 1.710 1.710 1.710 1.710 1.710 1.710 1.710 1.710 1.710 1.710 
1.710 1.710 1.710 1.710 1.710 1.710 1.710 1.710 1.710 1.710 1.710 1.710 
1.710 1.710 1.710 1.710 1.710 1.710 1.710 1.710 1.710 1.710 1.710 1.710 
1.710 1.710 1.710 1.710 1.710 1.710 1.710 1.710 1.710 1.710 1.710 1.710 
1.710 1.710 1.710 1.710 1.710 1.710 1.710 1.710 1.710 1.710 1.710 1.710 
1.710 1.710 1.710 1.710 1.710 1.710 1.710 1.710 1.710 1.710 1.710 1.710 
1.710 1.710 1.710 1.710 1.710 1.710 1.710 1.710 1.710 1.710 1.710 1.710 
1.710 1.710 1.710 1.710 1.710 1.710 1.710 1.710 1.710 1.710 1.710 1.710 
1.710 1.710 1.710 1.710 1.710 1.710 1.710 1.710 1.710 1.710 1.710 1.710 
1.710 1.710 1.710 1.710 1.710 1.710 1.710 1.710 1.710 1.710 1.710 1.710 
1.710 1.710 1.710 1.710 1.710 1.710 1.710 1.710 1.710 1.710 1.710 1.710 
1.710 1.710 1.710 1.710 1.710 1.710 1.710 1.710 1.710 1.710 1.710 1.710 
1.710 1.710 1.710 1.710 1.710 1.710 1.710 1.710 1.710 1.710 1.710 1.710 
1.731 1.731 1.731 1.731 1.731 1.731 1.731 1.731 1.731 1.731 1.731 1.731 
1.731 1.731 1.731 1.731 1.731 1.731 1.731 1.731 1.731 1.731 1.731 1.731 
1.731 1.731 1.731 1.731 1.731 1.731 1.731 1.731 1.731 1.731 1.731 1.731 
1.731 1.731 1.731 1.731 1.731 1.731 1.731 1.731 1.731 1.731 1.731 1.731 
1.731 1.731 1.731 1.731 1.731 1.731 1.731 1.731 1.731 1.731 1.731 1.731 
1.731 1.731 1.731 1.731 1.731 1.731 1.731 1.731 1.731 1.731 1.731 1.731 
1.731 1.731 1.731 1.731 1.731 1.731 1.731 1.731 1.731 1.731 1.731 1.731 
1.731 1.731 1.731 1.731 1.731 1.731 1.731 1.731 1.731 1.731 1.731 1.731 
1.731 1.731 1.731 1.731 1.731 1.731 1.731 1.731 1.731 1.731 1.731 1.731 
1.731 1.731 1.731 1.731 1.731 1.731 1.731 1.731 1.731 1.731 1.731 1.731 
1.731 1.731 1.731 1.731 1.731 1.731 1.731 1.731 1.731 1.731 1.731 1.731 
1.731 1.731 1.731 1.731 1.731 1.731 1.731 1.731 1.731 1.731 1.731 1.731 
1.731 1.731 1.731 1.731 1.731 1.731 1.731 1.731 1.731 1.731 1.731 1.731 
1.731 1.731 1.731 1.731 1.731 1.731 1.731 1.731 1.731 1.731 1.731 1.731 
